image,true_class,predicted_class,confidence,correct
_0_1616.jpeg,Eosinophil,Eosinophil,0.528,1
_0_1794.jpeg,Eosinophil,Neutrophil,0.5464,0
_0_1845.jpeg,Eosinophil,Eosinophil,0.4369,1
_0_187.jpeg,Eosinophil,Neutrophil,0.5599,0
_0_196.jpeg,Eosinophil,Eosinophil,0.4986,1
_0_2107.jpeg,Eosinophil,Eosinophil,0.8677,1
_0_2183.jpeg,Eosinophil,Eosinophil,0.9032,1
_0_2313.jpeg,Eosinophil,Eosinophil,0.9191,1
_0_2498.jpeg,Eosinophil,Eosinophil,0.8474,1
_0_2634.jpeg,Eosinophil,Neutrophil,0.4483,0
_0_2789.jpeg,Eosinophil,Neutrophil,0.6561,0
_0_2963.jpeg,Eosinophil,Eosinophil,0.9047,1
_0_3083.jpeg,Eosinophil,Eosinophil,0.5153,1
_0_3249.jpeg,Eosinophil,Eosinophil,0.9214,1
_0_3809.jpeg,Eosinophil,Eosinophil,0.9113,1
_0_3859.jpeg,Eosinophil,Eosinophil,0.9298,1
_0_4055.jpeg,Eosinophil,Eosinophil,0.9284,1
_0_4130.jpeg,Eosinophil,Eosinophil,0.9476,1
_0_463.jpeg,Eosinophil,Eosinophil,0.8721,1
_0_5642.jpeg,Eosinophil,Neutrophil,0.4849,0
_0_5709.jpeg,Eosinophil,Neutrophil,0.5087,0
_0_5733.jpeg,Eosinophil,Eosinophil,0.9389,1
_0_586.jpeg,Eosinophil,Neutrophil,0.8716,0
_0_5974.jpeg,Eosinophil,Neutrophil,0.5434,0
_0_5988.jpeg,Eosinophil,Eosinophil,0.9452,1
_0_6052.jpeg,Eosinophil,Eosinophil,0.9445,1
_0_6243.jpeg,Eosinophil,Eosinophil,0.8902,1
_0_6354.jpeg,Eosinophil,Eosinophil,0.8769,1
_0_6878.jpeg,Eosinophil,Eosinophil,0.9185,1
_0_737.jpeg,Eosinophil,Neutrophil,0.4998,0
_0_7604.jpeg,Eosinophil,Eosinophil,0.9196,1
_0_7764.jpeg,Eosinophil,Eosinophil,0.9208,1
_0_7845.jpeg,Eosinophil,Eosinophil,0.9414,1
_0_8167.jpeg,Eosinophil,Eosinophil,0.9438,1
_0_8201.jpeg,Eosinophil,Eosinophil,0.8002,1
_0_8222.jpeg,Eosinophil,Neutrophil,0.6568,0
_0_8254.jpeg,Eosinophil,Eosinophil,0.8542,1
_0_8473.jpeg,Eosinophil,Eosinophil,0.9239,1
_0_852.jpeg,Eosinophil,Neutrophil,0.4249,0
_0_8611.jpeg,Eosinophil,Neutrophil,0.4749,0
_0_8718.jpeg,Eosinophil,Neutrophil,0.5537,0
_0_8829.jpeg,Eosinophil,Eosinophil,0.9535,1
_0_884.jpeg,Eosinophil,Eosinophil,0.9264,1
_0_8881.jpeg,Eosinophil,Eosinophil,0.906,1
_0_9294.jpeg,Eosinophil,Eosinophil,0.9273,1
_0_9620.jpeg,Eosinophil,Eosinophil,0.9354,1
_0_967.jpeg,Eosinophil,Eosinophil,0.9248,1
_0_9763.jpeg,Eosinophil,Eosinophil,0.9398,1
_0_9876.jpeg,Eosinophil,Eosinophil,0.9634,1
_10_1104.jpeg,Eosinophil,Eosinophil,0.9201,1
_10_1367.jpeg,Eosinophil,Eosinophil,0.9503,1
_10_1626.jpeg,Eosinophil,Neutrophil,0.6741,0
_10_1830.jpeg,Eosinophil,Eosinophil,0.9227,1
_10_2029.jpeg,Eosinophil,Neutrophil,0.844,0
_10_2539.jpeg,Eosinophil,Eosinophil,0.8799,1
_10_2893.jpeg,Eosinophil,Eosinophil,0.8845,1
_10_2897.jpeg,Eosinophil,Eosinophil,0.5563,1
_10_2988.jpeg,Eosinophil,Neutrophil,0.5741,0
_10_3313.jpeg,Eosinophil,Neutrophil,0.952,0
_10_3363.jpeg,Eosinophil,Eosinophil,0.9643,1
_10_3818.jpeg,Eosinophil,Neutrophil,0.9309,0
_10_4000.jpeg,Eosinophil,Eosinophil,0.838,1
_10_4604.jpeg,Eosinophil,Eosinophil,0.8428,1
_10_4616.jpeg,Eosinophil,Neutrophil,0.6808,0
_10_5047.jpeg,Eosinophil,Eosinophil,0.9066,1
_10_5177.jpeg,Eosinophil,Neutrophil,0.8404,0
_10_5307.jpeg,Eosinophil,Eosinophil,0.9447,1
_10_5605.jpeg,Eosinophil,Eosinophil,0.9223,1
_10_5693.jpeg,Eosinophil,Eosinophil,0.9123,1
_10_6324.jpeg,Eosinophil,Eosinophil,0.6791,1
_10_6428.jpeg,Eosinophil,Eosinophil,0.9458,1
_10_6506.jpeg,Eosinophil,Neutrophil,0.9376,0
_10_6590.jpeg,Eosinophil,Eosinophil,0.9433,1
_10_6756.jpeg,Eosinophil,Eosinophil,0.7423,1
_10_6766.jpeg,Eosinophil,Eosinophil,0.9244,1
_10_6786.jpeg,Eosinophil,Eosinophil,0.5522,1
_10_6787.jpeg,Eosinophil,Eosinophil,0.8421,1
_10_6868.jpeg,Eosinophil,Neutrophil,0.6453,0
_10_6993.jpeg,Eosinophil,Neutrophil,0.5468,0
_10_7018.jpeg,Eosinophil,Eosinophil,0.9494,1
_10_7114.jpeg,Eosinophil,Eosinophil,0.5881,1
_10_7138.jpeg,Eosinophil,Neutrophil,0.578,0
_10_7356.jpeg,Eosinophil,Eosinophil,0.6094,1
_10_7467.jpeg,Eosinophil,Eosinophil,0.9648,1
_10_7495.jpeg,Eosinophil,Eosinophil,0.5852,1
_10_7638.jpeg,Eosinophil,Eosinophil,0.9328,1
_10_772.jpeg,Eosinophil,Eosinophil,0.8687,1
_10_7851.jpeg,Eosinophil,Eosinophil,0.8057,1
_10_7876.jpeg,Eosinophil,Eosinophil,0.9382,1
_10_7976.jpeg,Eosinophil,Neutrophil,0.5197,0
_10_8848.jpeg,Eosinophil,Eosinophil,0.7073,1
_10_8861.jpeg,Eosinophil,Neutrophil,0.9454,0
_10_8882.jpeg,Eosinophil,Neutrophil,0.8518,0
_10_9014.jpeg,Eosinophil,Eosinophil,0.408,1
_10_9112.jpeg,Eosinophil,Neutrophil,0.8852,0
_10_9457.jpeg,Eosinophil,Neutrophil,0.5496,0
_11_1034.jpeg,Eosinophil,Eosinophil,0.9308,1
_11_148.jpeg,Eosinophil,Eosinophil,0.891,1
_11_168.jpeg,Eosinophil,Eosinophil,0.9063,1
_11_1706.jpeg,Eosinophil,Neutrophil,0.4942,0
_11_2036.jpeg,Eosinophil,Eosinophil,0.923,1
_11_204.jpeg,Eosinophil,Eosinophil,0.9305,1
_11_2463.jpeg,Eosinophil,Eosinophil,0.9333,1
_11_2469.jpeg,Eosinophil,Eosinophil,0.8296,1
_11_3152.jpeg,Eosinophil,Neutrophil,0.8916,0
_11_3170.jpeg,Eosinophil,Eosinophil,0.4674,1
_11_3319.jpeg,Eosinophil,Eosinophil,0.9599,1
_11_3423.jpeg,Eosinophil,Eosinophil,0.9476,1
_11_3607.jpeg,Eosinophil,Eosinophil,0.9316,1
_11_3812.jpeg,Eosinophil,Neutrophil,0.4995,0
_11_4744.jpeg,Eosinophil,Eosinophil,0.9603,1
_11_4829.jpeg,Eosinophil,Eosinophil,0.8567,1
_11_5.jpeg,Eosinophil,Neutrophil,0.9355,0
_11_5512.jpeg,Eosinophil,Eosinophil,0.8859,1
_11_5530.jpeg,Eosinophil,Neutrophil,0.7764,0
_11_573.jpeg,Eosinophil,Eosinophil,0.9112,1
_11_6141.jpeg,Eosinophil,Eosinophil,0.9318,1
_11_6509.jpeg,Eosinophil,Eosinophil,0.9516,1
_11_6586.jpeg,Eosinophil,Eosinophil,0.9201,1
_11_6693.jpeg,Eosinophil,Eosinophil,0.923,1
_11_6757.jpeg,Eosinophil,Neutrophil,0.5156,0
_11_6857.jpeg,Eosinophil,Eosinophil,0.96,1
_11_709.jpeg,Eosinophil,Eosinophil,0.9361,1
_11_7189.jpeg,Eosinophil,Eosinophil,0.934,1
_11_7296.jpeg,Eosinophil,Neutrophil,0.9032,0
_11_755.jpeg,Eosinophil,Eosinophil,0.843,1
_11_7653.jpeg,Eosinophil,Neutrophil,0.5093,0
_11_7956.jpeg,Eosinophil,Neutrophil,0.9359,0
_11_8032.jpeg,Eosinophil,Eosinophil,0.8814,1
_11_8316.jpeg,Eosinophil,Eosinophil,0.9377,1
_11_8636.jpeg,Eosinophil,Neutrophil,0.9081,0
_11_8743.jpeg,Eosinophil,Neutrophil,0.8652,0
_11_9024.jpeg,Eosinophil,Eosinophil,0.903,1
_11_9067.jpeg,Eosinophil,Eosinophil,0.9338,1
_11_9324.jpeg,Eosinophil,Eosinophil,0.5389,1
_11_9385.jpeg,Eosinophil,Eosinophil,0.5556,1
_11_942.jpeg,Eosinophil,Neutrophil,0.7353,0
_11_9497.jpeg,Eosinophil,Eosinophil,0.5799,1
_11_9606.jpeg,Eosinophil,Eosinophil,0.934,1
_11_9643.jpeg,Eosinophil,Eosinophil,0.9047,1
_11_9684.jpeg,Eosinophil,Eosinophil,0.8979,1
_11_9786.jpeg,Eosinophil,Neutrophil,0.5152,0
_11_9804.jpeg,Eosinophil,Eosinophil,0.8743,1
_11_9887.jpeg,Eosinophil,Neutrophil,0.4205,0
_12_1091.jpeg,Eosinophil,Eosinophil,0.9642,1
_12_1303.jpeg,Eosinophil,Eosinophil,0.9387,1
_12_1372.jpeg,Eosinophil,Neutrophil,0.5458,0
_12_1428.jpeg,Eosinophil,Eosinophil,0.9251,1
_12_1554.jpeg,Eosinophil,Eosinophil,0.8938,1
_12_1610.jpeg,Eosinophil,Eosinophil,0.8943,1
_12_1668.jpeg,Eosinophil,Eosinophil,0.8325,1
_12_205.jpeg,Eosinophil,Eosinophil,0.9519,1
_12_2342.jpeg,Eosinophil,Eosinophil,0.917,1
_12_2378.jpeg,Eosinophil,Eosinophil,0.5166,1
_12_2782.jpeg,Eosinophil,Neutrophil,0.6856,0
_12_3238.jpeg,Eosinophil,Neutrophil,0.8563,0
_12_4205.jpeg,Eosinophil,Neutrophil,0.4728,0
_12_4556.jpeg,Eosinophil,Eosinophil,0.9381,1
_12_4563.jpeg,Eosinophil,Neutrophil,0.5364,0
_12_4896.jpeg,Eosinophil,Neutrophil,0.5649,0
_12_4978.jpeg,Eosinophil,Eosinophil,0.9248,1
_12_5324.jpeg,Eosinophil,Neutrophil,0.5267,0
_12_607.jpeg,Eosinophil,Neutrophil,0.561,0
_12_6466.jpeg,Eosinophil,Eosinophil,0.9309,1
_12_6605.jpeg,Eosinophil,Eosinophil,0.9304,1
_12_6791.jpeg,Eosinophil,Neutrophil,0.6164,0
_12_7159.jpeg,Eosinophil,Eosinophil,0.8529,1
_12_7458.jpeg,Eosinophil,Neutrophil,0.4959,0
_12_7544.jpeg,Eosinophil,Neutrophil,0.5021,0
_12_7634.jpeg,Eosinophil,Neutrophil,0.4481,0
_12_7914.jpeg,Eosinophil,Neutrophil,0.7631,0
_12_7926.jpeg,Eosinophil,Eosinophil,0.9445,1
_12_7987.jpeg,Eosinophil,Eosinophil,0.8853,1
_12_8079.jpeg,Eosinophil,Eosinophil,0.9324,1
_12_827.jpeg,Eosinophil,Eosinophil,0.8913,1
_12_8304.jpeg,Eosinophil,Eosinophil,0.9465,1
_12_8639.jpeg,Eosinophil,Eosinophil,0.9364,1
_12_8657.jpeg,Eosinophil,Eosinophil,0.7946,1
_12_8668.jpeg,Eosinophil,Neutrophil,0.6072,0
_12_8776.jpeg,Eosinophil,Eosinophil,0.4158,1
_12_8802.jpeg,Eosinophil,Eosinophil,0.896,1
_12_8962.jpeg,Eosinophil,Eosinophil,0.97,1
_12_8969.jpeg,Eosinophil,Eosinophil,0.9504,1
_12_9026.jpeg,Eosinophil,Eosinophil,0.4946,1
_12_9078.jpeg,Eosinophil,Eosinophil,0.9055,1
_12_9289.jpeg,Eosinophil,Neutrophil,0.9382,0
_12_9445.jpeg,Eosinophil,Eosinophil,0.9151,1
_12_9486.jpeg,Eosinophil,Eosinophil,0.9424,1
_12_9706.jpeg,Eosinophil,Eosinophil,0.93,1
_12_9759.jpeg,Eosinophil,Eosinophil,0.8884,1
_12_9974.jpeg,Eosinophil,Eosinophil,0.8327,1
_1_1414.jpeg,Eosinophil,Eosinophil,0.9231,1
_1_1484.jpeg,Eosinophil,Neutrophil,0.4796,0
_1_16.jpeg,Eosinophil,Eosinophil,0.9382,1
_1_1668.jpeg,Eosinophil,Neutrophil,0.4634,0
_1_2090.jpeg,Eosinophil,Eosinophil,0.4818,1
_1_212.jpeg,Eosinophil,Eosinophil,0.7929,1
_1_2292.jpeg,Eosinophil,Eosinophil,0.9371,1
_1_2525.jpeg,Eosinophil,Eosinophil,0.8976,1
_1_2584.jpeg,Eosinophil,Neutrophil,0.4758,0
_1_2728.jpeg,Eosinophil,Eosinophil,0.9346,1
_1_3150.jpeg,Eosinophil,Eosinophil,0.7985,1
_1_3444.jpeg,Eosinophil,Eosinophil,0.9392,1
_1_3504.jpeg,Eosinophil,Neutrophil,0.5985,0
_1_3670.jpeg,Eosinophil,Eosinophil,0.7265,1
_1_3837.jpeg,Eosinophil,Eosinophil,0.9453,1
_1_4039.jpeg,Eosinophil,Eosinophil,0.8507,1
_1_4100.jpeg,Eosinophil,Neutrophil,0.483,0
_1_4342.jpeg,Eosinophil,Eosinophil,0.8393,1
_1_4526.jpeg,Eosinophil,Neutrophil,0.4686,0
_1_4770.jpeg,Eosinophil,Eosinophil,0.9228,1
_1_4966.jpeg,Eosinophil,Neutrophil,0.4853,0
_1_497.jpeg,Eosinophil,Eosinophil,0.9657,1
_1_5389.jpeg,Eosinophil,Eosinophil,0.9534,1
_1_5434.jpeg,Eosinophil,Neutrophil,0.5563,0
_1_5497.jpeg,Eosinophil,Eosinophil,0.94,1
_1_6095.jpeg,Eosinophil,Neutrophil,0.9358,0
_1_6667.jpeg,Eosinophil,Eosinophil,0.5239,1
_1_673.jpeg,Eosinophil,Eosinophil,0.4691,1
_1_7380.jpeg,Eosinophil,Eosinophil,0.9036,1
_1_7517.jpeg,Eosinophil,Neutrophil,0.7089,0
_1_7555.jpeg,Eosinophil,Eosinophil,0.9342,1
_1_7654.jpeg,Eosinophil,Neutrophil,0.5456,0
_1_7704.jpeg,Eosinophil,Eosinophil,0.9156,1
_1_7860.jpeg,Eosinophil,Neutrophil,0.6231,0
_1_7893.jpeg,Eosinophil,Eosinophil,0.4965,1
_1_8105.jpeg,Eosinophil,Eosinophil,0.8597,1
_1_822.jpeg,Eosinophil,Eosinophil,0.6871,1
_1_84.jpeg,Eosinophil,Eosinophil,0.8896,1
_1_8803.jpeg,Eosinophil,Neutrophil,0.5013,0
_1_8960.jpeg,Eosinophil,Eosinophil,0.9249,1
_1_9079.jpeg,Eosinophil,Eosinophil,0.7955,1
_1_9119.jpeg,Eosinophil,Neutrophil,0.6354,0
_1_922.jpeg,Eosinophil,Neutrophil,0.6108,0
_1_9406.jpeg,Eosinophil,Eosinophil,0.8627,1
_1_9496.jpeg,Eosinophil,Eosinophil,0.96,1
_1_9507.jpeg,Eosinophil,Eosinophil,0.9515,1
_1_9522.jpeg,Eosinophil,Neutrophil,0.4904,0
_1_9915.jpeg,Eosinophil,Eosinophil,0.9368,1
_2_1274.jpeg,Eosinophil,Eosinophil,0.9124,1
_2_1545.jpeg,Eosinophil,Eosinophil,0.9165,1
_2_1612.jpeg,Eosinophil,Eosinophil,0.883,1
_2_1728.jpeg,Eosinophil,Eosinophil,0.9369,1
_2_1953.jpeg,Eosinophil,Eosinophil,0.9417,1
_2_1970.jpeg,Eosinophil,Eosinophil,0.9351,1
_2_2047.jpeg,Eosinophil,Eosinophil,0.9437,1
_2_21.jpeg,Eosinophil,Eosinophil,0.509,1
_2_233.jpeg,Eosinophil,Eosinophil,0.934,1
_2_2446.jpeg,Eosinophil,Eosinophil,0.471,1
_2_276.jpeg,Eosinophil,Eosinophil,0.8551,1
_2_2784.jpeg,Eosinophil,Neutrophil,0.6281,0
_2_3032.jpeg,Eosinophil,Eosinophil,0.8886,1
_2_3302.jpeg,Eosinophil,Neutrophil,0.6656,0
_2_3408.jpeg,Eosinophil,Eosinophil,0.9401,1
_2_3438.jpeg,Eosinophil,Eosinophil,0.9222,1
_2_3441.jpeg,Eosinophil,Neutrophil,0.9521,0
_2_3535.jpeg,Eosinophil,Eosinophil,0.9168,1
_2_3612.jpeg,Eosinophil,Eosinophil,0.9456,1
_2_3724.jpeg,Eosinophil,Neutrophil,0.4589,0
_2_4168.jpeg,Eosinophil,Neutrophil,0.6761,0
_2_4263.jpeg,Eosinophil,Eosinophil,0.4562,1
_2_4838.jpeg,Eosinophil,Eosinophil,0.934,1
_2_5173.jpeg,Eosinophil,Eosinophil,0.9369,1
_2_5427.jpeg,Eosinophil,Eosinophil,0.8562,1
_2_5631.jpeg,Eosinophil,Eosinophil,0.9218,1
_2_5708.jpeg,Eosinophil,Eosinophil,0.9495,1
_2_579.jpeg,Eosinophil,Eosinophil,0.9336,1
_2_5848.jpeg,Eosinophil,Neutrophil,0.4542,0
_2_6619.jpeg,Eosinophil,Eosinophil,0.9185,1
_2_73.jpeg,Eosinophil,Eosinophil,0.9449,1
_2_7310.jpeg,Eosinophil,Eosinophil,0.6956,1
_2_7356.jpeg,Eosinophil,Eosinophil,0.8705,1
_2_7792.jpeg,Eosinophil,Neutrophil,0.7376,0
_2_7847.jpeg,Eosinophil,Eosinophil,0.9034,1
_2_7914.jpeg,Eosinophil,Eosinophil,0.9366,1
_2_8177.jpeg,Eosinophil,Eosinophil,0.5549,1
_2_8178.jpeg,Eosinophil,Eosinophil,0.9032,1
_2_8920.jpeg,Eosinophil,Neutrophil,0.412,0
_2_9054.jpeg,Eosinophil,Eosinophil,0.4992,1
_2_9161.jpeg,Eosinophil,Eosinophil,0.4901,1
_2_9216.jpeg,Eosinophil,Eosinophil,0.9277,1
_2_9230.jpeg,Eosinophil,Eosinophil,0.9464,1
_2_9325.jpeg,Eosinophil,Eosinophil,0.9438,1
_2_9540.jpeg,Eosinophil,Eosinophil,0.8692,1
_2_9706.jpeg,Eosinophil,Eosinophil,0.9506,1
_2_9829.jpeg,Eosinophil,Eosinophil,0.5168,1
_2_9981.jpeg,Eosinophil,Neutrophil,0.951,0
_3_1202.jpeg,Eosinophil,Eosinophil,0.8746,1
_3_1250.jpeg,Eosinophil,Eosinophil,0.9341,1
_3_1343.jpeg,Eosinophil,Neutrophil,0.5462,0
_3_1390.jpeg,Eosinophil,Neutrophil,0.472,0
_3_1752.jpeg,Eosinophil,Eosinophil,0.9642,1
_3_1954.jpeg,Eosinophil,Neutrophil,0.7245,0
_3_2175.jpeg,Eosinophil,Eosinophil,0.8733,1
_3_2531.jpeg,Eosinophil,Eosinophil,0.9186,1
_3_2654.jpeg,Eosinophil,Neutrophil,0.4894,0
_3_2887.jpeg,Eosinophil,Eosinophil,0.9329,1
_3_2945.jpeg,Eosinophil,Eosinophil,0.9022,1
_3_3064.jpeg,Eosinophil,Eosinophil,0.9133,1
_3_3505.jpeg,Eosinophil,Eosinophil,0.5871,1
_3_3858.jpeg,Eosinophil,Eosinophil,0.8296,1
_3_407.jpeg,Eosinophil,Eosinophil,0.9031,1
_3_4263.jpeg,Eosinophil,Eosinophil,0.9258,1
_3_4285.jpeg,Eosinophil,Eosinophil,0.9401,1
_3_482.jpeg,Eosinophil,Eosinophil,0.9204,1
_3_4964.jpeg,Eosinophil,Neutrophil,0.8403,0
_3_5495.jpeg,Eosinophil,Eosinophil,0.9387,1
_3_5863.jpeg,Eosinophil,Neutrophil,0.8904,0
_3_6030.jpeg,Eosinophil,Eosinophil,0.9241,1
_3_6274.jpeg,Eosinophil,Eosinophil,0.9554,1
_3_6296.jpeg,Eosinophil,Eosinophil,0.9338,1
_3_6310.jpeg,Eosinophil,Eosinophil,0.9307,1
_3_633.jpeg,Eosinophil,Eosinophil,0.933,1
_3_6400.jpeg,Eosinophil,Neutrophil,0.45,0
_3_6422.jpeg,Eosinophil,Neutrophil,0.92,0
_3_6618.jpeg,Eosinophil,Neutrophil,0.4359,0
_3_6741.jpeg,Eosinophil,Eosinophil,0.9329,1
_3_6850.jpeg,Eosinophil,Eosinophil,0.8443,1
_3_6919.jpeg,Eosinophil,Eosinophil,0.8644,1
_3_7041.jpeg,Eosinophil,Eosinophil,0.9359,1
_3_7064.jpeg,Eosinophil,Neutrophil,0.9598,0
_3_7087.jpeg,Eosinophil,Eosinophil,0.4322,1
_3_7248.jpeg,Eosinophil,Eosinophil,0.9229,1
_3_728.jpeg,Eosinophil,Eosinophil,0.8585,1
_3_7374.jpeg,Eosinophil,Eosinophil,0.4419,1
_3_7914.jpeg,Eosinophil,Eosinophil,0.949,1
_3_8202.jpeg,Eosinophil,Eosinophil,0.957,1
_3_840.jpeg,Eosinophil,Eosinophil,0.9155,1
_3_8600.jpeg,Eosinophil,Eosinophil,0.4787,1
_3_8987.jpeg,Eosinophil,Eosinophil,0.9132,1
_3_9140.jpeg,Eosinophil,Eosinophil,0.9456,1
_3_9276.jpeg,Eosinophil,Eosinophil,0.9551,1
_3_937.jpeg,Eosinophil,Eosinophil,0.9234,1
_3_9816.jpeg,Eosinophil,Neutrophil,0.7855,0
_3_9885.jpeg,Eosinophil,Eosinophil,0.9497,1
_4_1001.jpeg,Eosinophil,Eosinophil,0.6239,1
_4_1249.jpeg,Eosinophil,Eosinophil,0.9241,1
_4_1361.jpeg,Eosinophil,Eosinophil,0.9093,1
_4_1439.jpeg,Eosinophil,Neutrophil,0.6437,0
_4_1591.jpeg,Eosinophil,Neutrophil,0.8503,0
_4_1767.jpeg,Eosinophil,Eosinophil,0.9498,1
_4_1963.jpeg,Eosinophil,Neutrophil,0.518,0
_4_239.jpeg,Eosinophil,Neutrophil,0.7992,0
_4_2404.jpeg,Eosinophil,Eosinophil,0.9623,1
_4_2434.jpeg,Eosinophil,Neutrophil,0.4397,0
_4_2755.jpeg,Eosinophil,Neutrophil,0.4983,0
_4_3150.jpeg,Eosinophil,Eosinophil,0.944,1
_4_3226.jpeg,Eosinophil,Eosinophil,0.9378,1
_4_3507.jpeg,Eosinophil,Eosinophil,0.9178,1
_4_3550.jpeg,Eosinophil,Neutrophil,0.5119,0
_4_408.jpeg,Eosinophil,Eosinophil,0.8934,1
_4_4287.jpeg,Eosinophil,Eosinophil,0.968,1
_4_4433.jpeg,Eosinophil,Eosinophil,0.9348,1
_4_4463.jpeg,Eosinophil,Neutrophil,0.689,0
_4_4529.jpeg,Eosinophil,Eosinophil,0.9413,1
_4_4563.jpeg,Eosinophil,Eosinophil,0.8847,1
_4_4634.jpeg,Eosinophil,Neutrophil,0.9379,0
_4_4798.jpeg,Eosinophil,Eosinophil,0.9109,1
_4_4865.jpeg,Eosinophil,Eosinophil,0.5365,1
_4_5147.jpeg,Eosinophil,Neutrophil,0.9316,0
_4_5262.jpeg,Eosinophil,Neutrophil,0.6008,0
_4_5585.jpeg,Eosinophil,Eosinophil,0.9277,1
_4_6081.jpeg,Eosinophil,Neutrophil,0.6791,0
_4_616.jpeg,Eosinophil,Eosinophil,0.8747,1
_4_6265.jpeg,Eosinophil,Eosinophil,0.5321,1
_4_6412.jpeg,Eosinophil,Eosinophil,0.9297,1
_4_6650.jpeg,Eosinophil,Neutrophil,0.92,0
_4_6826.jpeg,Eosinophil,Eosinophil,0.4563,1
_4_69.jpeg,Eosinophil,Neutrophil,0.4659,0
_4_6920.jpeg,Eosinophil,Eosinophil,0.9421,1
_4_7022.jpeg,Eosinophil,Eosinophil,0.9196,1
_4_7027.jpeg,Eosinophil,Eosinophil,0.9174,1
_4_7195.jpeg,Eosinophil,Eosinophil,0.5392,1
_4_7206.jpeg,Eosinophil,Neutrophil,0.8828,0
_4_7379.jpeg,Eosinophil,Eosinophil,0.8813,1
_4_7399.jpeg,Eosinophil,Eosinophil,0.8642,1
_4_7426.jpeg,Eosinophil,Eosinophil,0.9166,1
_4_7544.jpeg,Eosinophil,Eosinophil,0.8881,1
_4_8033.jpeg,Eosinophil,Neutrophil,0.4985,0
_4_9099.jpeg,Eosinophil,Eosinophil,0.91,1
_4_9184.jpeg,Eosinophil,Eosinophil,0.9324,1
_4_9471.jpeg,Eosinophil,Eosinophil,0.9129,1
_4_9971.jpeg,Eosinophil,Neutrophil,0.8774,0
_5_113.jpeg,Eosinophil,Eosinophil,0.9496,1
_5_1699.jpeg,Eosinophil,Neutrophil,0.6506,0
_5_1766.jpeg,Eosinophil,Eosinophil,0.8072,1
_5_2090.jpeg,Eosinophil,Neutrophil,0.535,0
_5_2284.jpeg,Eosinophil,Eosinophil,0.5996,1
_5_2313.jpeg,Eosinophil,Neutrophil,0.8789,0
_5_2331.jpeg,Eosinophil,Eosinophil,0.8948,1
_5_2363.jpeg,Eosinophil,Eosinophil,0.8694,1
_5_2465.jpeg,Eosinophil,Eosinophil,0.8627,1
_5_2721.jpeg,Eosinophil,Eosinophil,0.4339,1
_5_2966.jpeg,Eosinophil,Eosinophil,0.9272,1
_5_303.jpeg,Eosinophil,Eosinophil,0.9249,1
_5_3208.jpeg,Eosinophil,Eosinophil,0.9515,1
_5_3338.jpeg,Eosinophil,Eosinophil,0.9631,1
_5_3931.jpeg,Eosinophil,Eosinophil,0.9625,1
_5_408.jpeg,Eosinophil,Eosinophil,0.8343,1
_5_4335.jpeg,Eosinophil,Eosinophil,0.9326,1
_5_452.jpeg,Eosinophil,Neutrophil,0.5468,0
_5_4902.jpeg,Eosinophil,Eosinophil,0.5387,1
_5_5171.jpeg,Eosinophil,Eosinophil,0.9035,1
_5_518.jpeg,Eosinophil,Neutrophil,0.448,0
_5_5372.jpeg,Eosinophil,Eosinophil,0.8737,1
_5_5711.jpeg,Eosinophil,Eosinophil,0.9189,1
_5_5856.jpeg,Eosinophil,Neutrophil,0.4606,0
_5_625.jpeg,Eosinophil,Neutrophil,0.9535,0
_5_6366.jpeg,Eosinophil,Eosinophil,0.915,1
_5_6701.jpeg,Eosinophil,Eosinophil,0.9304,1
_5_6817.jpeg,Eosinophil,Neutrophil,0.4646,0
_5_7063.jpeg,Eosinophil,Eosinophil,0.9651,1
_5_7113.jpeg,Eosinophil,Eosinophil,0.9375,1
_5_7339.jpeg,Eosinophil,Eosinophil,0.8748,1
_5_7586.jpeg,Eosinophil,Eosinophil,0.9031,1
_5_770.jpeg,Eosinophil,Eosinophil,0.9349,1
_5_7714.jpeg,Eosinophil,Eosinophil,0.774,1
_5_7722.jpeg,Eosinophil,Neutrophil,0.6247,0
_5_7730.jpeg,Eosinophil,Eosinophil,0.9489,1
_5_779.jpeg,Eosinophil,Neutrophil,0.666,0
_5_8308.jpeg,Eosinophil,Eosinophil,0.9276,1
_5_8537.jpeg,Eosinophil,Eosinophil,0.9156,1
_5_8702.jpeg,Eosinophil,Eosinophil,0.94,1
_5_8720.jpeg,Eosinophil,Neutrophil,0.5499,0
_5_912.jpeg,Eosinophil,Neutrophil,0.9439,0
_5_9420.jpeg,Eosinophil,Neutrophil,0.8843,0
_5_9632.jpeg,Eosinophil,Eosinophil,0.7893,1
_5_9809.jpeg,Eosinophil,Eosinophil,0.9411,1
_5_9903.jpeg,Eosinophil,Eosinophil,0.5146,1
_5_9916.jpeg,Eosinophil,Eosinophil,0.9033,1
_5_9980.jpeg,Eosinophil,Eosinophil,0.9069,1
_6_1059.jpeg,Eosinophil,Eosinophil,0.9032,1
_6_174.jpeg,Eosinophil,Eosinophil,0.6916,1
_6_1951.jpeg,Eosinophil,Eosinophil,0.8652,1
_6_2161.jpeg,Eosinophil,Eosinophil,0.91,1
_6_2302.jpeg,Eosinophil,Neutrophil,0.668,0
_6_252.jpeg,Eosinophil,Eosinophil,0.924,1
_6_2524.jpeg,Eosinophil,Eosinophil,0.9394,1
_6_2609.jpeg,Eosinophil,Eosinophil,0.8609,1
_6_2677.jpeg,Eosinophil,Eosinophil,0.8782,1
_6_2787.jpeg,Eosinophil,Eosinophil,0.4607,1
_6_3140.jpeg,Eosinophil,Eosinophil,0.4912,1
_6_3161.jpeg,Eosinophil,Eosinophil,0.9693,1
_6_3231.jpeg,Eosinophil,Eosinophil,0.4401,1
_6_3939.jpeg,Eosinophil,Neutrophil,0.6018,0
_6_4062.jpeg,Eosinophil,Eosinophil,0.892,1
_6_4318.jpeg,Eosinophil,Eosinophil,0.5273,1
_6_4338.jpeg,Eosinophil,Neutrophil,0.5853,0
_6_4766.jpeg,Eosinophil,Eosinophil,0.9426,1
_6_4942.jpeg,Eosinophil,Eosinophil,0.942,1
_6_5240.jpeg,Eosinophil,Eosinophil,0.9322,1
_6_5352.jpeg,Eosinophil,Eosinophil,0.9439,1
_6_5510.jpeg,Eosinophil,Eosinophil,0.9567,1
_6_6152.jpeg,Eosinophil,Eosinophil,0.944,1
_6_6174.jpeg,Eosinophil,Eosinophil,0.9166,1
_6_6208.jpeg,Eosinophil,Eosinophil,0.9618,1
_6_6244.jpeg,Eosinophil,Neutrophil,0.9541,0
_6_6421.jpeg,Eosinophil,Eosinophil,0.9537,1
_6_6886.jpeg,Eosinophil,Neutrophil,0.3824,0
_6_6902.jpeg,Eosinophil,Neutrophil,0.5023,0
_6_7069.jpeg,Eosinophil,Eosinophil,0.9546,1
_6_7543.jpeg,Eosinophil,Eosinophil,0.8494,1
_6_7853.jpeg,Eosinophil,Eosinophil,0.9313,1
_6_8240.jpeg,Eosinophil,Eosinophil,0.931,1
_6_8507.jpeg,Eosinophil,Eosinophil,0.9517,1
_6_869.jpeg,Eosinophil,Neutrophil,0.6189,0
_6_8703.jpeg,Eosinophil,Eosinophil,0.9362,1
_6_8706.jpeg,Eosinophil,Neutrophil,0.4547,0
_6_8893.jpeg,Eosinophil,Eosinophil,0.9001,1
_6_8922.jpeg,Eosinophil,Eosinophil,0.9387,1
_6_8929.jpeg,Eosinophil,Neutrophil,0.8231,0
_6_8938.jpeg,Eosinophil,Eosinophil,0.9442,1
_6_8952.jpeg,Eosinophil,Neutrophil,0.5858,0
_6_896.jpeg,Eosinophil,Eosinophil,0.8896,1
_6_9084.jpeg,Eosinophil,Eosinophil,0.8936,1
_6_9135.jpeg,Eosinophil,Neutrophil,0.9468,0
_6_9392.jpeg,Eosinophil,Eosinophil,0.934,1
_6_9405.jpeg,Eosinophil,Eosinophil,0.9611,1
_6_9529.jpeg,Eosinophil,Neutrophil,0.5203,0
_7_109.jpeg,Eosinophil,Eosinophil,0.9244,1
_7_1105.jpeg,Eosinophil,Neutrophil,0.6448,0
_7_1107.jpeg,Eosinophil,Eosinophil,0.8876,1
_7_1377.jpeg,Eosinophil,Neutrophil,0.8593,0
_7_1440.jpeg,Eosinophil,Eosinophil,0.8967,1
_7_203.jpeg,Eosinophil,Eosinophil,0.9283,1
_7_2893.jpeg,Eosinophil,Eosinophil,0.9169,1
_7_2926.jpeg,Eosinophil,Eosinophil,0.892,1
_7_3063.jpeg,Eosinophil,Eosinophil,0.9147,1
_7_3371.jpeg,Eosinophil,Eosinophil,0.8221,1
_7_3400.jpeg,Eosinophil,Eosinophil,0.8751,1
_7_3605.jpeg,Eosinophil,Eosinophil,0.9341,1
_7_3672.jpeg,Eosinophil,Eosinophil,0.7762,1
_7_4068.jpeg,Eosinophil,Neutrophil,0.606,0
_7_4236.jpeg,Eosinophil,Eosinophil,0.5342,1
_7_4277.jpeg,Eosinophil,Eosinophil,0.6281,1
_7_4319.jpeg,Eosinophil,Eosinophil,0.9356,1
_7_4714.jpeg,Eosinophil,Eosinophil,0.6428,1
_7_4728.jpeg,Eosinophil,Neutrophil,0.4809,0
_7_4817.jpeg,Eosinophil,Eosinophil,0.3972,1
_7_4822.jpeg,Eosinophil,Eosinophil,0.9343,1
_7_4876.jpeg,Eosinophil,Neutrophil,0.8526,0
_7_4910.jpeg,Eosinophil,Neutrophil,0.7195,0
_7_5099.jpeg,Eosinophil,Neutrophil,0.6817,0
_7_5399.jpeg,Eosinophil,Eosinophil,0.8516,1
_7_5679.jpeg,Eosinophil,Eosinophil,0.8806,1
_7_6125.jpeg,Eosinophil,Eosinophil,0.9294,1
_7_6291.jpeg,Eosinophil,Eosinophil,0.8772,1
_7_6366.jpeg,Eosinophil,Eosinophil,0.9191,1
_7_6431.jpeg,Eosinophil,Neutrophil,0.5687,0
_7_6454.jpeg,Eosinophil,Eosinophil,0.9324,1
_7_6460.jpeg,Eosinophil,Eosinophil,0.9664,1
_7_6742.jpeg,Eosinophil,Eosinophil,0.9215,1
_7_6960.jpeg,Eosinophil,Eosinophil,0.9293,1
_7_7071.jpeg,Eosinophil,Neutrophil,0.5018,0
_7_7168.jpeg,Eosinophil,Eosinophil,0.9515,1
_7_7224.jpeg,Eosinophil,Neutrophil,0.5637,0
_7_7620.jpeg,Eosinophil,Eosinophil,0.854,1
_7_7718.jpeg,Eosinophil,Eosinophil,0.9359,1
_7_8066.jpeg,Eosinophil,Eosinophil,0.855,1
_7_8409.jpeg,Eosinophil,Eosinophil,0.4923,1
_7_8646.jpeg,Eosinophil,Neutrophil,0.673,0
_7_8998.jpeg,Eosinophil,Eosinophil,0.9284,1
_7_9769.jpeg,Eosinophil,Neutrophil,0.5265,0
_7_9839.jpeg,Eosinophil,Eosinophil,0.9564,1
_7_986.jpeg,Eosinophil,Eosinophil,0.7866,1
_7_9863.jpeg,Eosinophil,Eosinophil,0.9544,1
_7_9976.jpeg,Eosinophil,Eosinophil,0.9637,1
_8_1329.jpeg,Eosinophil,Neutrophil,0.5408,0
_8_1469.jpeg,Eosinophil,Eosinophil,0.4174,1
_8_2116.jpeg,Eosinophil,Eosinophil,0.8939,1
_8_2522.jpeg,Eosinophil,Eosinophil,0.934,1
_8_3082.jpeg,Eosinophil,Eosinophil,0.8695,1
_8_337.jpeg,Eosinophil,Eosinophil,0.941,1
_8_3531.jpeg,Eosinophil,Eosinophil,0.9375,1
_8_3550.jpeg,Eosinophil,Neutrophil,0.8668,0
_8_3764.jpeg,Eosinophil,Eosinophil,0.828,1
_8_3842.jpeg,Eosinophil,Neutrophil,0.8233,0
_8_3942.jpeg,Eosinophil,Eosinophil,0.8346,1
_8_4087.jpeg,Eosinophil,Eosinophil,0.9133,1
_8_4515.jpeg,Eosinophil,Eosinophil,0.9377,1
_8_4526.jpeg,Eosinophil,Eosinophil,0.9154,1
_8_4566.jpeg,Eosinophil,Eosinophil,0.9298,1
_8_4673.jpeg,Eosinophil,Neutrophil,0.9362,0
_8_4721.jpeg,Eosinophil,Eosinophil,0.8893,1
_8_4745.jpeg,Eosinophil,Neutrophil,0.5835,0
_8_5028.jpeg,Eosinophil,Neutrophil,0.6321,0
_8_5290.jpeg,Eosinophil,Eosinophil,0.8565,1
_8_5743.jpeg,Eosinophil,Neutrophil,0.9683,0
_8_6047.jpeg,Eosinophil,Eosinophil,0.8538,1
_8_6171.jpeg,Eosinophil,Eosinophil,0.9216,1
_8_6200.jpeg,Eosinophil,Neutrophil,0.9525,0
_8_6304.jpeg,Eosinophil,Neutrophil,0.6032,0
_8_647.jpeg,Eosinophil,Eosinophil,0.9282,1
_8_6603.jpeg,Eosinophil,Neutrophil,0.6868,0
_8_6615.jpeg,Eosinophil,Neutrophil,0.5595,0
_8_6636.jpeg,Eosinophil,Eosinophil,0.9466,1
_8_6700.jpeg,Eosinophil,Eosinophil,0.9332,1
_8_6780.jpeg,Eosinophil,Eosinophil,0.8928,1
_8_6861.jpeg,Eosinophil,Neutrophil,0.6481,0
_8_7260.jpeg,Eosinophil,Neutrophil,0.9438,0
_8_7326.jpeg,Eosinophil,Eosinophil,0.9024,1
_8_7909.jpeg,Eosinophil,Neutrophil,0.4537,0
_8_8010.jpeg,Eosinophil,Neutrophil,0.9193,0
_8_8188.jpeg,Eosinophil,Neutrophil,0.9045,0
_8_843.jpeg,Eosinophil,Eosinophil,0.5074,1
_8_8456.jpeg,Eosinophil,Eosinophil,0.9137,1
_8_8461.jpeg,Eosinophil,Eosinophil,0.8956,1
_8_8637.jpeg,Eosinophil,Eosinophil,0.9216,1
_8_875.jpeg,Eosinophil,Neutrophil,0.8397,0
_8_8885.jpeg,Eosinophil,Eosinophil,0.915,1
_8_9040.jpeg,Eosinophil,Eosinophil,0.9277,1
_8_9065.jpeg,Eosinophil,Eosinophil,0.561,1
_8_9194.jpeg,Eosinophil,Eosinophil,0.8759,1
_8_963.jpeg,Eosinophil,Neutrophil,0.7832,0
_8_9981.jpeg,Eosinophil,Eosinophil,0.9577,1
_9_1133.jpeg,Eosinophil,Eosinophil,0.814,1
_9_1215.jpeg,Eosinophil,Eosinophil,0.8687,1
_9_1242.jpeg,Eosinophil,Eosinophil,0.8871,1
_9_1746.jpeg,Eosinophil,Eosinophil,0.9566,1
_9_1911.jpeg,Eosinophil,Eosinophil,0.8689,1
_9_2176.jpeg,Eosinophil,Eosinophil,0.458,1
_9_2184.jpeg,Eosinophil,Neutrophil,0.9323,0
_9_2898.jpeg,Eosinophil,Eosinophil,0.9642,1
_9_2997.jpeg,Eosinophil,Eosinophil,0.8639,1
_9_327.jpeg,Eosinophil,Eosinophil,0.8389,1
_9_3273.jpeg,Eosinophil,Neutrophil,0.4972,0
_9_3688.jpeg,Eosinophil,Eosinophil,0.7349,1
_9_3746.jpeg,Eosinophil,Eosinophil,0.9374,1
_9_3788.jpeg,Eosinophil,Eosinophil,0.8581,1
_9_383.jpeg,Eosinophil,Neutrophil,0.511,0
_9_3847.jpeg,Eosinophil,Neutrophil,0.641,0
_9_4025.jpeg,Eosinophil,Eosinophil,0.8623,1
_9_4384.jpeg,Eosinophil,Eosinophil,0.5119,1
_9_4638.jpeg,Eosinophil,Eosinophil,0.9564,1
_9_4776.jpeg,Eosinophil,Eosinophil,0.5402,1
_9_4815.jpeg,Eosinophil,Eosinophil,0.9565,1
_9_4854.jpeg,Eosinophil,Eosinophil,0.934,1
_9_5411.jpeg,Eosinophil,Eosinophil,0.94,1
_9_5775.jpeg,Eosinophil,Eosinophil,0.8556,1
_9_5941.jpeg,Eosinophil,Eosinophil,0.9212,1
_9_5954.jpeg,Eosinophil,Eosinophil,0.915,1
_9_6116.jpeg,Eosinophil,Eosinophil,0.8687,1
_9_6468.jpeg,Eosinophil,Eosinophil,0.9351,1
_9_6686.jpeg,Eosinophil,Neutrophil,0.5984,0
_9_6803.jpeg,Eosinophil,Eosinophil,0.9116,1
_9_6932.jpeg,Eosinophil,Eosinophil,0.9163,1
_9_6997.jpeg,Eosinophil,Eosinophil,0.9261,1
_9_7223.jpeg,Eosinophil,Eosinophil,0.9147,1
_9_7234.jpeg,Eosinophil,Eosinophil,0.858,1
_9_7683.jpeg,Eosinophil,Eosinophil,0.4749,1
_9_7698.jpeg,Eosinophil,Eosinophil,0.8919,1
_9_782.jpeg,Eosinophil,Neutrophil,0.4689,0
_9_8066.jpeg,Eosinophil,Neutrophil,0.4996,0
_9_8505.jpeg,Eosinophil,Eosinophil,0.9364,1
_9_8524.jpeg,Eosinophil,Eosinophil,0.8862,1
_9_8628.jpeg,Eosinophil,Eosinophil,0.9496,1
_9_9174.jpeg,Eosinophil,Neutrophil,0.4504,0
_9_920.jpeg,Eosinophil,Eosinophil,0.6288,1
_9_9293.jpeg,Eosinophil,Eosinophil,0.8997,1
_9_9569.jpeg,Eosinophil,Eosinophil,0.3933,1
_9_9587.jpeg,Eosinophil,Neutrophil,0.4801,0
_9_9619.jpeg,Eosinophil,Neutrophil,0.928,0
_9_9656.jpeg,Eosinophil,Eosinophil,0.9525,1
_0_1022.jpeg,Lymphocyte,Lymphocyte,0.7582,1
_0_1050.jpeg,Lymphocyte,Lymphocyte,0.7877,1
_0_1072.jpeg,Lymphocyte,Lymphocyte,0.8808,1
_0_112.jpeg,Lymphocyte,Lymphocyte,0.9122,1
_0_1248.jpeg,Lymphocyte,Lymphocyte,0.9238,1
_0_1338.jpeg,Lymphocyte,Lymphocyte,0.9495,1
_0_1740.jpeg,Lymphocyte,Lymphocyte,0.9367,1
_0_1767.jpeg,Lymphocyte,Lymphocyte,0.8892,1
_0_1854.jpeg,Lymphocyte,Lymphocyte,0.8985,1
_0_2295.jpeg,Lymphocyte,Lymphocyte,0.9379,1
_0_2599.jpeg,Lymphocyte,Lymphocyte,0.9474,1
_0_3015.jpeg,Lymphocyte,Lymphocyte,0.8437,1
_0_3107.jpeg,Lymphocyte,Lymphocyte,0.84,1
_0_3206.jpeg,Lymphocyte,Lymphocyte,0.9011,1
_0_3271.jpeg,Lymphocyte,Lymphocyte,0.9533,1
_0_3295.jpeg,Lymphocyte,Lymphocyte,0.93,1
_0_33.jpeg,Lymphocyte,Lymphocyte,0.8583,1
_0_3329.jpeg,Lymphocyte,Lymphocyte,0.9272,1
_0_3337.jpeg,Lymphocyte,Lymphocyte,0.8524,1
_0_3396.jpeg,Lymphocyte,Lymphocyte,0.7901,1
_0_3409.jpeg,Lymphocyte,Lymphocyte,0.9217,1
_0_353.jpeg,Lymphocyte,Lymphocyte,0.7827,1
_0_3531.jpeg,Lymphocyte,Lymphocyte,0.8088,1
_0_3551.jpeg,Lymphocyte,Lymphocyte,0.9081,1
_0_3577.jpeg,Lymphocyte,Lymphocyte,0.9161,1
_0_3645.jpeg,Lymphocyte,Lymphocyte,0.7581,1
_0_3962.jpeg,Lymphocyte,Lymphocyte,0.911,1
_0_3977.jpeg,Lymphocyte,Lymphocyte,0.9158,1
_0_3988.jpeg,Lymphocyte,Lymphocyte,0.8043,1
_0_4102.jpeg,Lymphocyte,Lymphocyte,0.9229,1
_0_4161.jpeg,Lymphocyte,Lymphocyte,0.8417,1
_0_4192.jpeg,Lymphocyte,Lymphocyte,0.9195,1
_0_4279.jpeg,Lymphocyte,Lymphocyte,0.858,1
_0_430.jpeg,Lymphocyte,Lymphocyte,0.9108,1
_0_4342.jpeg,Lymphocyte,Lymphocyte,0.8993,1
_0_4406.jpeg,Lymphocyte,Lymphocyte,0.9372,1
_0_4414.jpeg,Lymphocyte,Lymphocyte,0.9174,1
_0_4466.jpeg,Lymphocyte,Lymphocyte,0.8636,1
_0_4518.jpeg,Lymphocyte,Lymphocyte,0.7873,1
_0_4574.jpeg,Lymphocyte,Lymphocyte,0.9115,1
_0_4655.jpeg,Lymphocyte,Lymphocyte,0.8289,1
_0_4671.jpeg,Lymphocyte,Lymphocyte,0.9139,1
_0_4703.jpeg,Lymphocyte,Lymphocyte,0.8885,1
_0_4740.jpeg,Lymphocyte,Lymphocyte,0.7495,1
_0_4973.jpeg,Lymphocyte,Lymphocyte,0.8346,1
_0_4999.jpeg,Lymphocyte,Lymphocyte,0.7979,1
_0_5055.jpeg,Lymphocyte,Lymphocyte,0.8903,1
_0_5100.jpeg,Lymphocyte,Lymphocyte,0.9069,1
_0_522.jpeg,Lymphocyte,Lymphocyte,0.8611,1
_0_5263.jpeg,Lymphocyte,Lymphocyte,0.8296,1
_0_529.jpeg,Lymphocyte,Lymphocyte,0.9097,1
_0_5398.jpeg,Lymphocyte,Lymphocyte,0.942,1
_0_5427.jpeg,Lymphocyte,Lymphocyte,0.9174,1
_0_5486.jpeg,Lymphocyte,Lymphocyte,0.9455,1
_0_5760.jpeg,Lymphocyte,Lymphocyte,0.8068,1
_0_582.jpeg,Lymphocyte,Lymphocyte,0.8808,1
_0_5824.jpeg,Lymphocyte,Lymphocyte,0.8982,1
_0_5845.jpeg,Lymphocyte,Lymphocyte,0.8806,1
_0_601.jpeg,Lymphocyte,Lymphocyte,0.919,1
_0_6053.jpeg,Lymphocyte,Lymphocyte,0.8661,1
_0_6168.jpeg,Lymphocyte,Lymphocyte,0.8967,1
_0_6177.jpeg,Lymphocyte,Lymphocyte,0.7888,1
_0_6209.jpeg,Lymphocyte,Lymphocyte,0.8786,1
_0_6253.jpeg,Lymphocyte,Lymphocyte,0.8929,1
_0_6416.jpeg,Lymphocyte,Lymphocyte,0.9009,1
_0_6428.jpeg,Lymphocyte,Lymphocyte,0.9482,1
_0_6581.jpeg,Lymphocyte,Lymphocyte,0.8047,1
_0_6589.jpeg,Lymphocyte,Lymphocyte,0.8812,1
_0_687.jpeg,Lymphocyte,Lymphocyte,0.9156,1
_0_6954.jpeg,Lymphocyte,Lymphocyte,0.9143,1
_0_6955.jpeg,Lymphocyte,Lymphocyte,0.7792,1
_0_7040.jpeg,Lymphocyte,Lymphocyte,0.9051,1
_0_7049.jpeg,Lymphocyte,Lymphocyte,0.8026,1
_0_7123.jpeg,Lymphocyte,Lymphocyte,0.9007,1
_0_7238.jpeg,Lymphocyte,Lymphocyte,0.8089,1
_0_7288.jpeg,Lymphocyte,Lymphocyte,0.9197,1
_0_7320.jpeg,Lymphocyte,Lymphocyte,0.9583,1
_0_7630.jpeg,Lymphocyte,Lymphocyte,0.8905,1
_0_771.jpeg,Lymphocyte,Lymphocyte,0.9351,1
_0_7946.jpeg,Lymphocyte,Lymphocyte,0.8714,1
_0_8019.jpeg,Lymphocyte,Lymphocyte,0.9075,1
_0_8267.jpeg,Lymphocyte,Lymphocyte,0.7529,1
_0_8379.jpeg,Lymphocyte,Lymphocyte,0.9549,1
_0_8625.jpeg,Lymphocyte,Lymphocyte,0.9086,1
_0_872.jpeg,Lymphocyte,Lymphocyte,0.8948,1
_0_8753.jpeg,Lymphocyte,Lymphocyte,0.9049,1
_0_8823.jpeg,Lymphocyte,Lymphocyte,0.8991,1
_0_8842.jpeg,Lymphocyte,Lymphocyte,0.8984,1
_0_9026.jpeg,Lymphocyte,Lymphocyte,0.9376,1
_0_9029.jpeg,Lymphocyte,Lymphocyte,0.9309,1
_0_9051.jpeg,Lymphocyte,Lymphocyte,0.7519,1
_0_9102.jpeg,Lymphocyte,Lymphocyte,0.7203,1
_0_9163.jpeg,Lymphocyte,Lymphocyte,0.7873,1
_0_9274.jpeg,Lymphocyte,Lymphocyte,0.8652,1
_0_9317.jpeg,Lymphocyte,Lymphocyte,0.9038,1
_0_9384.jpeg,Lymphocyte,Lymphocyte,0.8777,1
_0_9388.jpeg,Lymphocyte,Lymphocyte,0.9128,1
_0_9470.jpeg,Lymphocyte,Lymphocyte,0.9064,1
_0_9477.jpeg,Lymphocyte,Lymphocyte,0.8895,1
_0_9568.jpeg,Lymphocyte,Lymphocyte,0.7476,1
_0_9587.jpeg,Lymphocyte,Lymphocyte,0.8495,1
_0_9655.jpeg,Lymphocyte,Lymphocyte,0.8906,1
_0_9671.jpeg,Lymphocyte,Lymphocyte,0.913,1
_0_9837.jpeg,Lymphocyte,Lymphocyte,0.8114,1
_0_9868.jpeg,Lymphocyte,Lymphocyte,0.7226,1
_1_1042.jpeg,Lymphocyte,Lymphocyte,0.7992,1
_1_112.jpeg,Lymphocyte,Lymphocyte,0.9268,1
_1_1151.jpeg,Lymphocyte,Lymphocyte,0.912,1
_1_157.jpeg,Lymphocyte,Lymphocyte,0.912,1
_1_1651.jpeg,Lymphocyte,Lymphocyte,0.936,1
_1_1708.jpeg,Lymphocyte,Lymphocyte,0.8816,1
_1_1742.jpeg,Lymphocyte,Lymphocyte,0.8976,1
_1_1872.jpeg,Lymphocyte,Lymphocyte,0.7992,1
_1_1884.jpeg,Lymphocyte,Lymphocyte,0.924,1
_1_1980.jpeg,Lymphocyte,Lymphocyte,0.9182,1
_1_2023.jpeg,Lymphocyte,Lymphocyte,0.9395,1
_1_2109.jpeg,Lymphocyte,Lymphocyte,0.8837,1
_1_2250.jpeg,Lymphocyte,Lymphocyte,0.9384,1
_1_2388.jpeg,Lymphocyte,Lymphocyte,0.8348,1
_1_2434.jpeg,Lymphocyte,Lymphocyte,0.7999,1
_1_2584.jpeg,Lymphocyte,Lymphocyte,0.9437,1
_1_2592.jpeg,Lymphocyte,Lymphocyte,0.8221,1
_1_2697.jpeg,Lymphocyte,Lymphocyte,0.7906,1
_1_276.jpeg,Lymphocyte,Lymphocyte,0.9192,1
_1_2989.jpeg,Lymphocyte,Lymphocyte,0.883,1
_1_3093.jpeg,Lymphocyte,Lymphocyte,0.9589,1
_1_3103.jpeg,Lymphocyte,Lymphocyte,0.9142,1
_1_3174.jpeg,Lymphocyte,Lymphocyte,0.9506,1
_1_318.jpeg,Lymphocyte,Lymphocyte,0.9126,1
_1_3184.jpeg,Lymphocyte,Lymphocyte,0.7807,1
_1_331.jpeg,Lymphocyte,Lymphocyte,0.8967,1
_1_3357.jpeg,Lymphocyte,Lymphocyte,0.9047,1
_1_3381.jpeg,Lymphocyte,Lymphocyte,0.8961,1
_1_3429.jpeg,Lymphocyte,Lymphocyte,0.8051,1
_1_3475.jpeg,Lymphocyte,Lymphocyte,0.9193,1
_1_3635.jpeg,Lymphocyte,Lymphocyte,0.8132,1
_1_3819.jpeg,Lymphocyte,Lymphocyte,0.9071,1
_1_3823.jpeg,Lymphocyte,Lymphocyte,0.9362,1
_1_385.jpeg,Lymphocyte,Lymphocyte,0.9262,1
_1_388.jpeg,Lymphocyte,Lymphocyte,0.8724,1
_1_3950.jpeg,Lymphocyte,Lymphocyte,0.7745,1
_1_3972.jpeg,Lymphocyte,Lymphocyte,0.7995,1
_1_4036.jpeg,Lymphocyte,Lymphocyte,0.9334,1
_1_4266.jpeg,Lymphocyte,Lymphocyte,0.7925,1
_1_4299.jpeg,Lymphocyte,Lymphocyte,0.9143,1
_1_4379.jpeg,Lymphocyte,Lymphocyte,0.9177,1
_1_4509.jpeg,Lymphocyte,Lymphocyte,0.7557,1
_1_4617.jpeg,Lymphocyte,Lymphocyte,0.7587,1
_1_4662.jpeg,Lymphocyte,Lymphocyte,0.949,1
_1_4689.jpeg,Lymphocyte,Lymphocyte,0.9065,1
_1_5001.jpeg,Lymphocyte,Lymphocyte,0.8677,1
_1_5121.jpeg,Lymphocyte,Lymphocyte,0.9094,1
_1_5127.jpeg,Lymphocyte,Lymphocyte,0.9022,1
_1_52.jpeg,Lymphocyte,Lymphocyte,0.9371,1
_1_5224.jpeg,Lymphocyte,Lymphocyte,0.9411,1
_1_5234.jpeg,Lymphocyte,Lymphocyte,0.9083,1
_1_5471.jpeg,Lymphocyte,Lymphocyte,0.7822,1
_1_5549.jpeg,Lymphocyte,Lymphocyte,0.7846,1
_1_5562.jpeg,Lymphocyte,Lymphocyte,0.866,1
_1_5667.jpeg,Lymphocyte,Lymphocyte,0.9263,1
_1_5668.jpeg,Lymphocyte,Lymphocyte,0.8871,1
_1_5677.jpeg,Lymphocyte,Lymphocyte,0.9316,1
_1_5682.jpeg,Lymphocyte,Lymphocyte,0.9023,1
_1_5776.jpeg,Lymphocyte,Lymphocyte,0.907,1
_1_5828.jpeg,Lymphocyte,Lymphocyte,0.8669,1
_1_5875.jpeg,Lymphocyte,Lymphocyte,0.8847,1
_1_601.jpeg,Lymphocyte,Lymphocyte,0.9128,1
_1_6075.jpeg,Lymphocyte,Lymphocyte,0.8913,1
_1_6162.jpeg,Lymphocyte,Lymphocyte,0.9196,1
_1_6573.jpeg,Lymphocyte,Lymphocyte,0.8625,1
_1_6585.jpeg,Lymphocyte,Lymphocyte,0.7283,1
_1_6611.jpeg,Lymphocyte,Lymphocyte,0.8472,1
_1_6985.jpeg,Lymphocyte,Lymphocyte,0.7923,1
_1_7005.jpeg,Lymphocyte,Lymphocyte,0.8844,1
_1_7064.jpeg,Lymphocyte,Lymphocyte,0.8866,1
_1_7116.jpeg,Lymphocyte,Lymphocyte,0.8274,1
_1_7122.jpeg,Lymphocyte,Lymphocyte,0.8674,1
_1_7139.jpeg,Lymphocyte,Lymphocyte,0.8351,1
_1_7448.jpeg,Lymphocyte,Lymphocyte,0.9104,1
_1_7506.jpeg,Lymphocyte,Lymphocyte,0.885,1
_1_7615.jpeg,Lymphocyte,Lymphocyte,0.8561,1
_1_7706.jpeg,Lymphocyte,Lymphocyte,0.7734,1
_1_7851.jpeg,Lymphocyte,Lymphocyte,0.8976,1
_1_7876.jpeg,Lymphocyte,Lymphocyte,0.9556,1
_1_8006.jpeg,Lymphocyte,Lymphocyte,0.9335,1
_1_8015.jpeg,Lymphocyte,Lymphocyte,0.6913,1
_1_8248.jpeg,Lymphocyte,Lymphocyte,0.9331,1
_1_8267.jpeg,Lymphocyte,Lymphocyte,0.9482,1
_1_8351.jpeg,Lymphocyte,Lymphocyte,0.9102,1
_1_8378.jpeg,Lymphocyte,Lymphocyte,0.9106,1
_1_8483.jpeg,Lymphocyte,Lymphocyte,0.8914,1
_1_8563.jpeg,Lymphocyte,Lymphocyte,0.8662,1
_1_8663.jpeg,Lymphocyte,Lymphocyte,0.8964,1
_1_8698.jpeg,Lymphocyte,Lymphocyte,0.7864,1
_1_8722.jpeg,Lymphocyte,Lymphocyte,0.9285,1
_1_8737.jpeg,Lymphocyte,Lymphocyte,0.753,1
_1_8744.jpeg,Lymphocyte,Lymphocyte,0.8228,1
_1_8936.jpeg,Lymphocyte,Lymphocyte,0.7937,1
_1_896.jpeg,Lymphocyte,Lymphocyte,0.9566,1
_1_8995.jpeg,Lymphocyte,Lymphocyte,0.8499,1
_1_9119.jpeg,Lymphocyte,Lymphocyte,0.9212,1
_1_9185.jpeg,Lymphocyte,Lymphocyte,0.9253,1
_1_9313.jpeg,Lymphocyte,Lymphocyte,0.9031,1
_1_9347.jpeg,Lymphocyte,Lymphocyte,0.8301,1
_1_9393.jpeg,Lymphocyte,Lymphocyte,0.8908,1
_1_945.jpeg,Lymphocyte,Lymphocyte,0.8885,1
_1_9458.jpeg,Lymphocyte,Lymphocyte,0.9106,1
_1_9972.jpeg,Lymphocyte,Lymphocyte,0.9437,1
_2_1041.jpeg,Lymphocyte,Lymphocyte,0.9111,1
_2_1073.jpeg,Lymphocyte,Lymphocyte,0.8981,1
_2_1088.jpeg,Lymphocyte,Lymphocyte,0.9235,1
_2_1640.jpeg,Lymphocyte,Lymphocyte,0.8882,1
_2_1856.jpeg,Lymphocyte,Lymphocyte,0.8415,1
_2_1889.jpeg,Lymphocyte,Lymphocyte,0.8203,1
_2_2327.jpeg,Lymphocyte,Lymphocyte,0.9083,1
_2_2398.jpeg,Lymphocyte,Lymphocyte,0.9158,1
_2_2401.jpeg,Lymphocyte,Lymphocyte,0.8548,1
_2_2506.jpeg,Lymphocyte,Lymphocyte,0.8337,1
_2_2604.jpeg,Lymphocyte,Lymphocyte,0.8986,1
_2_2720.jpeg,Lymphocyte,Lymphocyte,0.9258,1
_2_2730.jpeg,Lymphocyte,Lymphocyte,0.7513,1
_2_2908.jpeg,Lymphocyte,Lymphocyte,0.814,1
_2_2916.jpeg,Lymphocyte,Lymphocyte,0.7505,1
_2_3018.jpeg,Lymphocyte,Lymphocyte,0.8696,1
_2_3048.jpeg,Lymphocyte,Lymphocyte,0.9462,1
_2_3219.jpeg,Lymphocyte,Lymphocyte,0.873,1
_2_3412.jpeg,Lymphocyte,Lymphocyte,0.8984,1
_2_3534.jpeg,Lymphocyte,Lymphocyte,0.9039,1
_2_357.jpeg,Lymphocyte,Lymphocyte,0.9001,1
_2_3922.jpeg,Lymphocyte,Lymphocyte,0.8441,1
_2_396.jpeg,Lymphocyte,Lymphocyte,0.9026,1
_2_4102.jpeg,Lymphocyte,Lymphocyte,0.8064,1
_2_415.jpeg,Lymphocyte,Lymphocyte,0.8964,1
_2_4150.jpeg,Lymphocyte,Lymphocyte,0.8478,1
_2_4200.jpeg,Lymphocyte,Lymphocyte,0.9078,1
_2_4239.jpeg,Lymphocyte,Lymphocyte,0.8843,1
_2_4486.jpeg,Lymphocyte,Lymphocyte,0.9155,1
_2_4581.jpeg,Lymphocyte,Lymphocyte,0.9602,1
_2_4609.jpeg,Lymphocyte,Lymphocyte,0.8713,1
_2_4617.jpeg,Lymphocyte,Lymphocyte,0.8575,1
_2_4636.jpeg,Lymphocyte,Lymphocyte,0.9302,1
_2_4714.jpeg,Lymphocyte,Lymphocyte,0.7343,1
_2_4758.jpeg,Lymphocyte,Lymphocyte,0.9204,1
_2_4796.jpeg,Lymphocyte,Lymphocyte,0.909,1
_2_4955.jpeg,Lymphocyte,Lymphocyte,0.7857,1
_2_5023.jpeg,Lymphocyte,Lymphocyte,0.956,1
_2_5100.jpeg,Lymphocyte,Lymphocyte,0.9011,1
_2_5305.jpeg,Lymphocyte,Lymphocyte,0.9557,1
_2_5309.jpeg,Lymphocyte,Lymphocyte,0.768,1
_2_5368.jpeg,Lymphocyte,Lymphocyte,0.9035,1
_2_5415.jpeg,Lymphocyte,Lymphocyte,0.9309,1
_2_5551.jpeg,Lymphocyte,Lymphocyte,0.959,1
_2_5594.jpeg,Lymphocyte,Lymphocyte,0.876,1
_2_56.jpeg,Lymphocyte,Lymphocyte,0.8969,1
_2_5611.jpeg,Lymphocyte,Lymphocyte,0.9008,1
_2_5865.jpeg,Lymphocyte,Lymphocyte,0.7288,1
_2_6055.jpeg,Lymphocyte,Lymphocyte,0.923,1
_2_6096.jpeg,Lymphocyte,Lymphocyte,0.9212,1
_2_6173.jpeg,Lymphocyte,Lymphocyte,0.9112,1
_2_6552.jpeg,Lymphocyte,Lymphocyte,0.77,1
_2_6702.jpeg,Lymphocyte,Lymphocyte,0.9178,1
_2_6823.jpeg,Lymphocyte,Lymphocyte,0.8914,1
_2_6897.jpeg,Lymphocyte,Lymphocyte,0.9463,1
_2_693.jpeg,Lymphocyte,Lymphocyte,0.8755,1
_2_6958.jpeg,Lymphocyte,Lymphocyte,0.9097,1
_2_6996.jpeg,Lymphocyte,Lymphocyte,0.8987,1
_2_704.jpeg,Lymphocyte,Lymphocyte,0.8127,1
_2_7079.jpeg,Lymphocyte,Lymphocyte,0.8825,1
_2_7087.jpeg,Lymphocyte,Lymphocyte,0.9174,1
_2_7265.jpeg,Lymphocyte,Lymphocyte,0.9169,1
_2_7269.jpeg,Lymphocyte,Lymphocyte,0.9418,1
_2_7277.jpeg,Lymphocyte,Lymphocyte,0.9082,1
_2_7468.jpeg,Lymphocyte,Lymphocyte,0.7752,1
_2_7639.jpeg,Lymphocyte,Lymphocyte,0.8675,1
_2_7675.jpeg,Lymphocyte,Lymphocyte,0.9166,1
_2_7696.jpeg,Lymphocyte,Lymphocyte,0.8583,1
_2_7853.jpeg,Lymphocyte,Lymphocyte,0.8481,1
_2_8007.jpeg,Lymphocyte,Lymphocyte,0.8128,1
_2_8096.jpeg,Lymphocyte,Lymphocyte,0.9053,1
_2_8109.jpeg,Lymphocyte,Lymphocyte,0.8107,1
_2_8166.jpeg,Lymphocyte,Lymphocyte,0.6774,1
_2_8225.jpeg,Lymphocyte,Lymphocyte,0.867,1
_2_8274.jpeg,Lymphocyte,Lymphocyte,0.8844,1
_2_8356.jpeg,Lymphocyte,Lymphocyte,0.7005,1
_2_8426.jpeg,Lymphocyte,Lymphocyte,0.8899,1
_2_8440.jpeg,Lymphocyte,Lymphocyte,0.8008,1
_2_8461.jpeg,Lymphocyte,Lymphocyte,0.8662,1
_2_8475.jpeg,Lymphocyte,Lymphocyte,0.9412,1
_2_8512.jpeg,Lymphocyte,Lymphocyte,0.9264,1
_2_8528.jpeg,Lymphocyte,Lymphocyte,0.9097,1
_2_8580.jpeg,Lymphocyte,Lymphocyte,0.7798,1
_2_8662.jpeg,Lymphocyte,Lymphocyte,0.9258,1
_2_8751.jpeg,Lymphocyte,Lymphocyte,0.8514,1
_2_8901.jpeg,Lymphocyte,Lymphocyte,0.8913,1
_2_8960.jpeg,Lymphocyte,Lymphocyte,0.7737,1
_2_9116.jpeg,Lymphocyte,Lymphocyte,0.8198,1
_2_9121.jpeg,Lymphocyte,Lymphocyte,0.8718,1
_2_9124.jpeg,Lymphocyte,Lymphocyte,0.8832,1
_2_918.jpeg,Lymphocyte,Lymphocyte,0.903,1
_2_9203.jpeg,Lymphocyte,Lymphocyte,0.9256,1
_2_9235.jpeg,Lymphocyte,Lymphocyte,0.9579,1
_2_9276.jpeg,Lymphocyte,Lymphocyte,0.8482,1
_2_9323.jpeg,Lymphocyte,Lymphocyte,0.8531,1
_2_9395.jpeg,Lymphocyte,Lymphocyte,0.7972,1
_2_9432.jpeg,Lymphocyte,Lymphocyte,0.8835,1
_2_9635.jpeg,Lymphocyte,Lymphocyte,0.9037,1
_2_9782.jpeg,Lymphocyte,Lymphocyte,0.9539,1
_2_9858.jpeg,Lymphocyte,Lymphocyte,0.8831,1
_2_991.jpeg,Lymphocyte,Lymphocyte,0.8118,1
_2_9932.jpeg,Lymphocyte,Lymphocyte,0.921,1
_2_9965.jpeg,Lymphocyte,Lymphocyte,0.952,1
_2_9978.jpeg,Lymphocyte,Lymphocyte,0.9362,1
_3_1076.jpeg,Lymphocyte,Lymphocyte,0.8206,1
_3_1113.jpeg,Lymphocyte,Lymphocyte,0.8762,1
_3_1119.jpeg,Lymphocyte,Lymphocyte,0.9146,1
_3_1173.jpeg,Lymphocyte,Lymphocyte,0.922,1
_3_1182.jpeg,Lymphocyte,Lymphocyte,0.9064,1
_3_1201.jpeg,Lymphocyte,Lymphocyte,0.7598,1
_3_1312.jpeg,Lymphocyte,Lymphocyte,0.9246,1
_3_1322.jpeg,Lymphocyte,Lymphocyte,0.848,1
_3_1453.jpeg,Lymphocyte,Lymphocyte,0.7618,1
_3_1764.jpeg,Lymphocyte,Lymphocyte,0.8293,1
_3_1787.jpeg,Lymphocyte,Lymphocyte,0.904,1
_3_2033.jpeg,Lymphocyte,Lymphocyte,0.8237,1
_3_2049.jpeg,Lymphocyte,Lymphocyte,0.7658,1
_3_2284.jpeg,Lymphocyte,Lymphocyte,0.9187,1
_3_2338.jpeg,Lymphocyte,Lymphocyte,0.906,1
_3_2344.jpeg,Lymphocyte,Lymphocyte,0.7399,1
_3_2393.jpeg,Lymphocyte,Lymphocyte,0.8985,1
_3_2915.jpeg,Lymphocyte,Lymphocyte,0.853,1
_3_2937.jpeg,Lymphocyte,Lymphocyte,0.8319,1
_3_2953.jpeg,Lymphocyte,Lymphocyte,0.9136,1
_3_2972.jpeg,Lymphocyte,Lymphocyte,0.8802,1
_3_3012.jpeg,Lymphocyte,Lymphocyte,0.8763,1
_3_3189.jpeg,Lymphocyte,Lymphocyte,0.8258,1
_3_323.jpeg,Lymphocyte,Lymphocyte,0.9092,1
_3_3243.jpeg,Lymphocyte,Lymphocyte,0.7753,1
_3_3311.jpeg,Lymphocyte,Lymphocyte,0.7724,1
_3_338.jpeg,Lymphocyte,Lymphocyte,0.9261,1
_3_3395.jpeg,Lymphocyte,Lymphocyte,0.7909,1
_3_3458.jpeg,Lymphocyte,Lymphocyte,0.9277,1
_3_3710.jpeg,Lymphocyte,Lymphocyte,0.8765,1
_3_3740.jpeg,Lymphocyte,Lymphocyte,0.8089,1
_3_3742.jpeg,Lymphocyte,Lymphocyte,0.9073,1
_3_3839.jpeg,Lymphocyte,Lymphocyte,0.8793,1
_3_3888.jpeg,Lymphocyte,Lymphocyte,0.8312,1
_3_4035.jpeg,Lymphocyte,Lymphocyte,0.7422,1
_3_4154.jpeg,Lymphocyte,Lymphocyte,0.9105,1
_3_4192.jpeg,Lymphocyte,Lymphocyte,0.9393,1
_3_434.jpeg,Lymphocyte,Lymphocyte,0.8834,1
_3_4418.jpeg,Lymphocyte,Lymphocyte,0.9022,1
_3_4469.jpeg,Lymphocyte,Lymphocyte,0.9229,1
_3_4519.jpeg,Lymphocyte,Lymphocyte,0.8772,1
_3_452.jpeg,Lymphocyte,Lymphocyte,0.8919,1
_3_4574.jpeg,Lymphocyte,Lymphocyte,0.9086,1
_3_4636.jpeg,Lymphocyte,Lymphocyte,0.8853,1
_3_4744.jpeg,Lymphocyte,Lymphocyte,0.9161,1
_3_4905.jpeg,Lymphocyte,Lymphocyte,0.8945,1
_3_5426.jpeg,Lymphocyte,Lymphocyte,0.8984,1
_3_5434.jpeg,Lymphocyte,Lymphocyte,0.903,1
_3_5466.jpeg,Lymphocyte,Lymphocyte,0.9,1
_3_5496.jpeg,Lymphocyte,Lymphocyte,0.8384,1
_3_554.jpeg,Lymphocyte,Lymphocyte,0.8025,1
_3_5629.jpeg,Lymphocyte,Lymphocyte,0.9198,1
_3_6227.jpeg,Lymphocyte,Lymphocyte,0.8401,1
_3_6261.jpeg,Lymphocyte,Lymphocyte,0.9528,1
_3_6486.jpeg,Lymphocyte,Lymphocyte,0.934,1
_3_6560.jpeg,Lymphocyte,Lymphocyte,0.9066,1
_3_6583.jpeg,Lymphocyte,Lymphocyte,0.7882,1
_3_6692.jpeg,Lymphocyte,Lymphocyte,0.8931,1
_3_6697.jpeg,Lymphocyte,Lymphocyte,0.7623,1
_3_6958.jpeg,Lymphocyte,Lymphocyte,0.903,1
_3_6972.jpeg,Lymphocyte,Lymphocyte,0.8009,1
_3_70.jpeg,Lymphocyte,Lymphocyte,0.9006,1
_3_7007.jpeg,Lymphocyte,Lymphocyte,0.9036,1
_3_7016.jpeg,Lymphocyte,Lymphocyte,0.7849,1
_3_7034.jpeg,Lymphocyte,Lymphocyte,0.8787,1
_3_7047.jpeg,Lymphocyte,Lymphocyte,0.9246,1
_3_7192.jpeg,Lymphocyte,Lymphocyte,0.756,1
_3_7255.jpeg,Lymphocyte,Lymphocyte,0.769,1
_3_7570.jpeg,Lymphocyte,Lymphocyte,0.9121,1
_3_760.jpeg,Lymphocyte,Lymphocyte,0.8658,1
_3_7807.jpeg,Lymphocyte,Lymphocyte,0.7963,1
_3_7881.jpeg,Lymphocyte,Lymphocyte,0.7804,1
_3_7905.jpeg,Lymphocyte,Lymphocyte,0.7362,1
_3_8104.jpeg,Lymphocyte,Lymphocyte,0.8977,1
_3_8414.jpeg,Lymphocyte,Lymphocyte,0.8672,1
_3_8419.jpeg,Lymphocyte,Lymphocyte,0.9279,1
_3_8493.jpeg,Lymphocyte,Lymphocyte,0.8561,1
_3_8520.jpeg,Lymphocyte,Lymphocyte,0.9079,1
_3_8577.jpeg,Lymphocyte,Lymphocyte,0.7871,1
_3_8715.jpeg,Lymphocyte,Lymphocyte,0.9045,1
_3_8716.jpeg,Lymphocyte,Lymphocyte,0.8929,1
_3_8734.jpeg,Lymphocyte,Lymphocyte,0.788,1
_3_8865.jpeg,Lymphocyte,Lymphocyte,0.8967,1
_3_8901.jpeg,Lymphocyte,Lymphocyte,0.8954,1
_3_9049.jpeg,Lymphocyte,Lymphocyte,0.8756,1
_3_9101.jpeg,Lymphocyte,Lymphocyte,0.8542,1
_3_9155.jpeg,Lymphocyte,Lymphocyte,0.9187,1
_3_9170.jpeg,Lymphocyte,Lymphocyte,0.87,1
_3_9239.jpeg,Lymphocyte,Lymphocyte,0.9169,1
_3_9295.jpeg,Lymphocyte,Lymphocyte,0.9004,1
_3_9396.jpeg,Lymphocyte,Lymphocyte,0.9085,1
_3_9532.jpeg,Lymphocyte,Lymphocyte,0.7875,1
_3_9541.jpeg,Lymphocyte,Lymphocyte,0.8922,1
_3_958.jpeg,Lymphocyte,Lymphocyte,0.9168,1
_3_9705.jpeg,Lymphocyte,Lymphocyte,0.8897,1
_3_9785.jpeg,Lymphocyte,Lymphocyte,0.8861,1
_3_980.jpeg,Lymphocyte,Lymphocyte,0.8929,1
_3_9841.jpeg,Lymphocyte,Lymphocyte,0.7386,1
_3_9862.jpeg,Lymphocyte,Lymphocyte,0.9549,1
_3_9895.jpeg,Lymphocyte,Lymphocyte,0.924,1
_3_9908.jpeg,Lymphocyte,Lymphocyte,0.8722,1
_3_9922.jpeg,Lymphocyte,Lymphocyte,0.9244,1
_3_9971.jpeg,Lymphocyte,Lymphocyte,0.8782,1
_4_1004.jpeg,Lymphocyte,Lymphocyte,0.7663,1
_4_1219.jpeg,Lymphocyte,Lymphocyte,0.7654,1
_4_1239.jpeg,Lymphocyte,Lymphocyte,0.8985,1
_4_1424.jpeg,Lymphocyte,Lymphocyte,0.6738,1
_4_1425.jpeg,Lymphocyte,Lymphocyte,0.8974,1
_4_1426.jpeg,Lymphocyte,Lymphocyte,0.933,1
_4_1448.jpeg,Lymphocyte,Lymphocyte,0.9175,1
_4_1649.jpeg,Lymphocyte,Lymphocyte,0.7667,1
_4_1697.jpeg,Lymphocyte,Lymphocyte,0.879,1
_4_1765.jpeg,Lymphocyte,Lymphocyte,0.9114,1
_4_1770.jpeg,Lymphocyte,Lymphocyte,0.9176,1
_4_1786.jpeg,Lymphocyte,Lymphocyte,0.82,1
_4_1865.jpeg,Lymphocyte,Lymphocyte,0.8885,1
_4_1955.jpeg,Lymphocyte,Lymphocyte,0.8359,1
_4_2036.jpeg,Lymphocyte,Lymphocyte,0.9282,1
_4_2060.jpeg,Lymphocyte,Lymphocyte,0.9332,1
_4_2142.jpeg,Lymphocyte,Lymphocyte,0.8525,1
_4_2173.jpeg,Lymphocyte,Lymphocyte,0.8507,1
_4_2210.jpeg,Lymphocyte,Lymphocyte,0.8403,1
_4_2380.jpeg,Lymphocyte,Lymphocyte,0.924,1
_4_2428.jpeg,Lymphocyte,Lymphocyte,0.7896,1
_4_2461.jpeg,Lymphocyte,Lymphocyte,0.7316,1
_4_2541.jpeg,Lymphocyte,Lymphocyte,0.9265,1
_4_2564.jpeg,Lymphocyte,Lymphocyte,0.8305,1
_4_2607.jpeg,Lymphocyte,Lymphocyte,0.8373,1
_4_2714.jpeg,Lymphocyte,Lymphocyte,0.7747,1
_4_2762.jpeg,Lymphocyte,Lymphocyte,0.906,1
_4_2810.jpeg,Lymphocyte,Lymphocyte,0.8901,1
_4_2919.jpeg,Lymphocyte,Lymphocyte,0.9119,1
_4_2965.jpeg,Lymphocyte,Lymphocyte,0.9156,1
_4_3143.jpeg,Lymphocyte,Lymphocyte,0.9531,1
_4_3450.jpeg,Lymphocyte,Lymphocyte,0.9521,1
_4_3568.jpeg,Lymphocyte,Lymphocyte,0.7873,1
_4_3666.jpeg,Lymphocyte,Lymphocyte,0.9242,1
_4_3770.jpeg,Lymphocyte,Lymphocyte,0.8968,1
_4_3842.jpeg,Lymphocyte,Lymphocyte,0.9035,1
_4_3933.jpeg,Lymphocyte,Lymphocyte,0.95,1
_4_4124.jpeg,Lymphocyte,Lymphocyte,0.7887,1
_4_4269.jpeg,Lymphocyte,Lymphocyte,0.9256,1
_4_4422.jpeg,Lymphocyte,Lymphocyte,0.8411,1
_4_4611.jpeg,Lymphocyte,Lymphocyte,0.9222,1
_4_4703.jpeg,Lymphocyte,Lymphocyte,0.8748,1
_4_4763.jpeg,Lymphocyte,Lymphocyte,0.9154,1
_4_4854.jpeg,Lymphocyte,Lymphocyte,0.8624,1
_4_4937.jpeg,Lymphocyte,Lymphocyte,0.9579,1
_4_4971.jpeg,Lymphocyte,Lymphocyte,0.9104,1
_4_5070.jpeg,Lymphocyte,Lymphocyte,0.934,1
_4_5214.jpeg,Lymphocyte,Lymphocyte,0.7906,1
_4_5304.jpeg,Lymphocyte,Lymphocyte,0.8905,1
_4_5321.jpeg,Lymphocyte,Lymphocyte,0.9148,1
_4_5443.jpeg,Lymphocyte,Lymphocyte,0.7143,1
_4_5458.jpeg,Lymphocyte,Lymphocyte,0.905,1
_4_5589.jpeg,Lymphocyte,Lymphocyte,0.8904,1
_4_5685.jpeg,Lymphocyte,Lymphocyte,0.9009,1
_4_5735.jpeg,Lymphocyte,Lymphocyte,0.8973,1
_4_5790.jpeg,Lymphocyte,Lymphocyte,0.9222,1
_4_5818.jpeg,Lymphocyte,Lymphocyte,0.8492,1
_4_5879.jpeg,Lymphocyte,Lymphocyte,0.7961,1
_4_6062.jpeg,Lymphocyte,Lymphocyte,0.9016,1
_4_6113.jpeg,Lymphocyte,Lymphocyte,0.9393,1
_4_63.jpeg,Lymphocyte,Lymphocyte,0.9248,1
_4_6342.jpeg,Lymphocyte,Lymphocyte,0.9465,1
_4_636.jpeg,Lymphocyte,Lymphocyte,0.8258,1
_4_6409.jpeg,Lymphocyte,Lymphocyte,0.9437,1
_4_6441.jpeg,Lymphocyte,Lymphocyte,0.9144,1
_4_6637.jpeg,Lymphocyte,Lymphocyte,0.8049,1
_4_6651.jpeg,Lymphocyte,Lymphocyte,0.9143,1
_4_6722.jpeg,Lymphocyte,Lymphocyte,0.907,1
_4_6842.jpeg,Lymphocyte,Lymphocyte,0.7818,1
_4_6855.jpeg,Lymphocyte,Lymphocyte,0.9056,1
_4_6993.jpeg,Lymphocyte,Lymphocyte,0.8956,1
_4_7146.jpeg,Lymphocyte,Lymphocyte,0.7775,1
_4_750.jpeg,Lymphocyte,Lymphocyte,0.8941,1
_4_7574.jpeg,Lymphocyte,Lymphocyte,0.9371,1
_4_761.jpeg,Lymphocyte,Lymphocyte,0.915,1
_4_7637.jpeg,Lymphocyte,Lymphocyte,0.9209,1
_4_7955.jpeg,Lymphocyte,Lymphocyte,0.9221,1
_4_7981.jpeg,Lymphocyte,Lymphocyte,0.8501,1
_4_7999.jpeg,Lymphocyte,Lymphocyte,0.9503,1
_4_8060.jpeg,Lymphocyte,Lymphocyte,0.9538,1
_4_8149.jpeg,Lymphocyte,Lymphocyte,0.7662,1
_4_821.jpeg,Lymphocyte,Lymphocyte,0.9275,1
_4_8316.jpeg,Lymphocyte,Lymphocyte,0.794,1
_4_834.jpeg,Lymphocyte,Lymphocyte,0.9457,1
_4_8453.jpeg,Lymphocyte,Lymphocyte,0.8056,1
_4_8468.jpeg,Lymphocyte,Lymphocyte,0.9173,1
_4_8523.jpeg,Lymphocyte,Lymphocyte,0.9256,1
_4_8652.jpeg,Lymphocyte,Lymphocyte,0.794,1
_4_8663.jpeg,Lymphocyte,Lymphocyte,0.9282,1
_4_8809.jpeg,Lymphocyte,Lymphocyte,0.9081,1
_4_8810.jpeg,Lymphocyte,Lymphocyte,0.7096,1
_4_8957.jpeg,Lymphocyte,Lymphocyte,0.8518,1
_4_8988.jpeg,Lymphocyte,Lymphocyte,0.8993,1
_4_9000.jpeg,Lymphocyte,Lymphocyte,0.8417,1
_4_9023.jpeg,Lymphocyte,Lymphocyte,0.7967,1
_4_918.jpeg,Lymphocyte,Lymphocyte,0.8787,1
_4_9345.jpeg,Lymphocyte,Lymphocyte,0.902,1
_4_9351.jpeg,Lymphocyte,Lymphocyte,0.8989,1
_4_9471.jpeg,Lymphocyte,Lymphocyte,0.9382,1
_4_9475.jpeg,Lymphocyte,Lymphocyte,0.9272,1
_4_9618.jpeg,Lymphocyte,Lymphocyte,0.9005,1
_4_9727.jpeg,Lymphocyte,Lymphocyte,0.9455,1
_4_9758.jpeg,Lymphocyte,Lymphocyte,0.7729,1
_5_1029.jpeg,Lymphocyte,Lymphocyte,0.9391,1
_5_1070.jpeg,Lymphocyte,Lymphocyte,0.802,1
_5_1139.jpeg,Lymphocyte,Lymphocyte,0.9214,1
_5_1174.jpeg,Lymphocyte,Lymphocyte,0.9146,1
_5_1304.jpeg,Lymphocyte,Lymphocyte,0.9311,1
_5_1427.jpeg,Lymphocyte,Lymphocyte,0.8408,1
_5_1501.jpeg,Lymphocyte,Lymphocyte,0.881,1
_5_1737.jpeg,Lymphocyte,Lymphocyte,0.9051,1
_5_1758.jpeg,Lymphocyte,Lymphocyte,0.8784,1
_5_1761.jpeg,Lymphocyte,Lymphocyte,0.8281,1
_5_1763.jpeg,Lymphocyte,Lymphocyte,0.9443,1
_5_1812.jpeg,Lymphocyte,Lymphocyte,0.9632,1
_5_1911.jpeg,Lymphocyte,Lymphocyte,0.9469,1
_5_2085.jpeg,Lymphocyte,Lymphocyte,0.9227,1
_5_2171.jpeg,Lymphocyte,Lymphocyte,0.9299,1
_5_2244.jpeg,Lymphocyte,Lymphocyte,0.819,1
_5_2263.jpeg,Lymphocyte,Lymphocyte,0.8321,1
_5_2333.jpeg,Lymphocyte,Lymphocyte,0.9193,1
_5_2438.jpeg,Lymphocyte,Lymphocyte,0.8572,1
_5_2461.jpeg,Lymphocyte,Lymphocyte,0.8738,1
_5_2500.jpeg,Lymphocyte,Lymphocyte,0.9128,1
_5_2708.jpeg,Lymphocyte,Lymphocyte,0.9054,1
_5_2746.jpeg,Lymphocyte,Lymphocyte,0.7968,1
_5_2802.jpeg,Lymphocyte,Lymphocyte,0.7997,1
_5_2861.jpeg,Lymphocyte,Lymphocyte,0.8142,1
_5_2929.jpeg,Lymphocyte,Lymphocyte,0.9,1
_5_2987.jpeg,Lymphocyte,Lymphocyte,0.8925,1
_5_3144.jpeg,Lymphocyte,Lymphocyte,0.886,1
_5_3197.jpeg,Lymphocyte,Lymphocyte,0.8175,1
_5_3205.jpeg,Lymphocyte,Lymphocyte,0.9584,1
_5_3219.jpeg,Lymphocyte,Lymphocyte,0.869,1
_5_3239.jpeg,Lymphocyte,Lymphocyte,0.7392,1
_5_3327.jpeg,Lymphocyte,Lymphocyte,0.7949,1
_5_3374.jpeg,Lymphocyte,Lymphocyte,0.9171,1
_5_4018.jpeg,Lymphocyte,Lymphocyte,0.7958,1
_5_4066.jpeg,Lymphocyte,Lymphocyte,0.9337,1
_5_4105.jpeg,Lymphocyte,Lymphocyte,0.7856,1
_5_4122.jpeg,Lymphocyte,Lymphocyte,0.9283,1
_5_4141.jpeg,Lymphocyte,Lymphocyte,0.9225,1
_5_4166.jpeg,Lymphocyte,Lymphocyte,0.8712,1
_5_4208.jpeg,Lymphocyte,Lymphocyte,0.9153,1
_5_4223.jpeg,Lymphocyte,Lymphocyte,0.9162,1
_5_4276.jpeg,Lymphocyte,Lymphocyte,0.912,1
_5_4277.jpeg,Lymphocyte,Lymphocyte,0.834,1
_5_4472.jpeg,Lymphocyte,Lymphocyte,0.9597,1
_5_4501.jpeg,Lymphocyte,Lymphocyte,0.869,1
_5_4799.jpeg,Lymphocyte,Lymphocyte,0.9021,1
_5_4914.jpeg,Lymphocyte,Lymphocyte,0.7246,1
_5_5027.jpeg,Lymphocyte,Lymphocyte,0.8804,1
_5_5084.jpeg,Lymphocyte,Lymphocyte,0.8639,1
_5_5108.jpeg,Lymphocyte,Lymphocyte,0.8654,1
_5_5114.jpeg,Lymphocyte,Lymphocyte,0.7797,1
_5_5151.jpeg,Lymphocyte,Lymphocyte,0.8844,1
_5_5279.jpeg,Lymphocyte,Lymphocyte,0.9552,1
_5_5344.jpeg,Lymphocyte,Lymphocyte,0.8923,1
_5_5349.jpeg,Lymphocyte,Lymphocyte,0.9292,1
_5_5365.jpeg,Lymphocyte,Lymphocyte,0.907,1
_5_5558.jpeg,Lymphocyte,Lymphocyte,0.9271,1
_5_5644.jpeg,Lymphocyte,Lymphocyte,0.7395,1
_5_5846.jpeg,Lymphocyte,Lymphocyte,0.8915,1
_5_5913.jpeg,Lymphocyte,Lymphocyte,0.7691,1
_5_5985.jpeg,Lymphocyte,Lymphocyte,0.9409,1
_5_6044.jpeg,Lymphocyte,Lymphocyte,0.7914,1
_5_627.jpeg,Lymphocyte,Lymphocyte,0.9181,1
_5_6312.jpeg,Lymphocyte,Lymphocyte,0.8387,1
_5_6549.jpeg,Lymphocyte,Lymphocyte,0.9278,1
_5_6572.jpeg,Lymphocyte,Lymphocyte,0.9005,1
_5_6696.jpeg,Lymphocyte,Lymphocyte,0.7699,1
_5_6796.jpeg,Lymphocyte,Lymphocyte,0.7879,1
_5_7030.jpeg,Lymphocyte,Lymphocyte,0.8749,1
_5_7101.jpeg,Lymphocyte,Lymphocyte,0.828,1
_5_7157.jpeg,Lymphocyte,Lymphocyte,0.8192,1
_5_7193.jpeg,Lymphocyte,Lymphocyte,0.8408,1
_5_7199.jpeg,Lymphocyte,Lymphocyte,0.9616,1
_5_7340.jpeg,Lymphocyte,Lymphocyte,0.8081,1
_5_7461.jpeg,Lymphocyte,Lymphocyte,0.8231,1
_5_7515.jpeg,Lymphocyte,Lymphocyte,0.9252,1
_5_7595.jpeg,Lymphocyte,Lymphocyte,0.7406,1
_5_7617.jpeg,Lymphocyte,Lymphocyte,0.8607,1
_5_7634.jpeg,Lymphocyte,Lymphocyte,0.8407,1
_5_8417.jpeg,Lymphocyte,Lymphocyte,0.8969,1
_5_8465.jpeg,Lymphocyte,Lymphocyte,0.8192,1
_5_8557.jpeg,Lymphocyte,Lymphocyte,0.854,1
_5_876.jpeg,Lymphocyte,Lymphocyte,0.9168,1
_5_8803.jpeg,Lymphocyte,Lymphocyte,0.9253,1
_5_8899.jpeg,Lymphocyte,Lymphocyte,0.9524,1
_5_890.jpeg,Lymphocyte,Lymphocyte,0.9232,1
_5_9173.jpeg,Lymphocyte,Lymphocyte,0.8926,1
_5_9176.jpeg,Lymphocyte,Lymphocyte,0.9182,1
_5_9201.jpeg,Lymphocyte,Lymphocyte,0.9149,1
_5_9208.jpeg,Lymphocyte,Lymphocyte,0.9246,1
_5_9257.jpeg,Lymphocyte,Lymphocyte,0.9034,1
_5_9302.jpeg,Lymphocyte,Lymphocyte,0.843,1
_5_9321.jpeg,Lymphocyte,Lymphocyte,0.9047,1
_5_9347.jpeg,Lymphocyte,Lymphocyte,0.8144,1
_5_9361.jpeg,Lymphocyte,Lymphocyte,0.9187,1
_5_937.jpeg,Lymphocyte,Lymphocyte,0.8553,1
_5_9665.jpeg,Lymphocyte,Lymphocyte,0.9103,1
_5_9755.jpeg,Lymphocyte,Lymphocyte,0.8779,1
_5_994.jpeg,Lymphocyte,Lymphocyte,0.8129,1
_5_9974.jpeg,Lymphocyte,Lymphocyte,0.9486,1
_5_9993.jpeg,Lymphocyte,Lymphocyte,0.8661,1
_0_1123.jpeg,Monocyte,Monocyte,0.6678,1
_0_1283.jpeg,Monocyte,Neutrophil,0.7873,0
_0_1381.jpeg,Monocyte,Monocyte,0.9556,1
_0_1383.jpeg,Monocyte,Monocyte,0.7414,1
_0_1423.jpeg,Monocyte,Monocyte,0.5971,1
_0_147.jpeg,Monocyte,Neutrophil,0.9192,0
_0_1523.jpeg,Monocyte,Neutrophil,0.7933,0
_0_1526.jpeg,Monocyte,Neutrophil,0.8046,0
_0_1559.jpeg,Monocyte,Monocyte,0.973,1
_0_1588.jpeg,Monocyte,Monocyte,0.6249,1
_0_1663.jpeg,Monocyte,Neutrophil,0.7603,0
_0_1673.jpeg,Monocyte,Monocyte,0.708,1
_0_1725.jpeg,Monocyte,Monocyte,0.9758,1
_0_1771.jpeg,Monocyte,Monocyte,0.6055,1
_0_1805.jpeg,Monocyte,Neutrophil,0.8235,0
_0_1897.jpeg,Monocyte,Neutrophil,0.8931,0
_0_1927.jpeg,Monocyte,Monocyte,0.961,1
_0_1940.jpeg,Monocyte,Monocyte,0.6148,1
_0_1958.jpeg,Monocyte,Monocyte,0.6475,1
_0_1970.jpeg,Monocyte,Monocyte,0.664,1
_0_1972.jpeg,Monocyte,Monocyte,0.7509,1
_0_200.jpeg,Monocyte,Monocyte,0.9575,1
_0_2094.jpeg,Monocyte,Monocyte,0.9618,1
_0_2102.jpeg,Monocyte,Monocyte,0.9468,1
_0_2104.jpeg,Monocyte,Monocyte,0.7456,1
_0_2222.jpeg,Monocyte,Monocyte,0.9546,1
_0_224.jpeg,Monocyte,Monocyte,0.6079,1
_0_2276.jpeg,Monocyte,Neutrophil,0.9403,0
_0_2278.jpeg,Monocyte,Monocyte,0.9726,1
_0_2306.jpeg,Monocyte,Monocyte,0.9656,1
_0_2324.jpeg,Monocyte,Monocyte,0.7021,1
_0_2343.jpeg,Monocyte,Monocyte,0.7531,1
_0_2384.jpeg,Monocyte,Neutrophil,0.813,0
_0_2424.jpeg,Monocyte,Monocyte,0.7239,1
_0_2455.jpeg,Monocyte,Monocyte,0.6283,1
_0_2506.jpeg,Monocyte,Monocyte,0.9651,1
_0_251.jpeg,Monocyte,Monocyte,0.6234,1
_0_257.jpeg,Monocyte,Monocyte,0.9608,1
_0_2572.jpeg,Monocyte,Neutrophil,0.9067,0
_0_2680.jpeg,Monocyte,Monocyte,0.5951,1
_0_283.jpeg,Monocyte,Monocyte,0.7026,1
_0_2844.jpeg,Monocyte,Neutrophil,0.8768,0
_0_2852.jpeg,Monocyte,Monocyte,0.9571,1
_0_2900.jpeg,Monocyte,Monocyte,0.5762,1
_0_3013.jpeg,Monocyte,Neutrophil,0.8258,0
_0_3049.jpeg,Monocyte,Monocyte,0.777,1
_0_3066.jpeg,Monocyte,Neutrophil,0.8957,0
_0_3101.jpeg,Monocyte,Neutrophil,0.8681,0
_0_3102.jpeg,Monocyte,Monocyte,0.5612,1
_0_3157.jpeg,Monocyte,Monocyte,0.6995,1
_0_3165.jpeg,Monocyte,Monocyte,0.7019,1
_0_3210.jpeg,Monocyte,Monocyte,0.729,1
_0_322.jpeg,Monocyte,Monocyte,0.9622,1
_0_3339.jpeg,Monocyte,Monocyte,0.973,1
_0_3355.jpeg,Monocyte,Monocyte,0.7331,1
_0_3366.jpeg,Monocyte,Monocyte,0.9597,1
_0_3464.jpeg,Monocyte,Monocyte,0.9543,1
_0_348.jpeg,Monocyte,Monocyte,0.6816,1
_0_3510.jpeg,Monocyte,Monocyte,0.6233,1
_0_3544.jpeg,Monocyte,Neutrophil,0.8076,0
_0_373.jpeg,Monocyte,Monocyte,0.9642,1
_0_4009.jpeg,Monocyte,Monocyte,0.8905,1
_0_4018.jpeg,Monocyte,Neutrophil,0.8858,0
_0_4025.jpeg,Monocyte,Monocyte,0.694,1
_0_4055.jpeg,Monocyte,Monocyte,0.7355,1
_0_4073.jpeg,Monocyte,Neutrophil,0.8689,0
_0_4212.jpeg,Monocyte,Monocyte,0.5406,1
_0_4480.jpeg,Monocyte,Monocyte,0.6032,1
_0_4632.jpeg,Monocyte,Monocyte,0.9674,1
_0_4707.jpeg,Monocyte,Monocyte,0.7616,1
_0_4719.jpeg,Monocyte,Monocyte,0.9656,1
_0_4930.jpeg,Monocyte,Neutrophil,0.871,0
_0_4942.jpeg,Monocyte,Neutrophil,0.8035,0
_0_495.jpeg,Monocyte,Monocyte,0.9507,1
_0_5032.jpeg,Monocyte,Monocyte,0.6856,1
_0_5159.jpeg,Monocyte,Monocyte,0.9615,1
_0_5189.jpeg,Monocyte,Neutrophil,0.8194,0
_0_5196.jpeg,Monocyte,Neutrophil,0.7975,0
_0_5215.jpeg,Monocyte,Neutrophil,0.8298,0
_0_5219.jpeg,Monocyte,Monocyte,0.7751,1
_0_5221.jpeg,Monocyte,Monocyte,0.6974,1
_0_5239.jpeg,Monocyte,Monocyte,0.6232,1
_0_531.jpeg,Monocyte,Monocyte,0.7724,1
_0_5372.jpeg,Monocyte,Monocyte,0.6366,1
_0_5569.jpeg,Monocyte,Neutrophil,0.8971,0
_0_5601.jpeg,Monocyte,Monocyte,0.9561,1
_0_5656.jpeg,Monocyte,Monocyte,0.9428,1
_0_5723.jpeg,Monocyte,Monocyte,0.684,1
_0_5743.jpeg,Monocyte,Monocyte,0.628,1
_0_5839.jpeg,Monocyte,Neutrophil,0.8068,0
_0_5963.jpeg,Monocyte,Monocyte,0.484,1
_0_5967.jpeg,Monocyte,Monocyte,0.9468,1
_0_6039.jpeg,Monocyte,Monocyte,0.6296,1
_0_6130.jpeg,Monocyte,Neutrophil,0.8834,0
_0_6273.jpeg,Monocyte,Monocyte,0.5157,1
_0_6305.jpeg,Monocyte,Monocyte,0.6497,1
_0_6479.jpeg,Monocyte,Monocyte,0.966,1
_0_651.jpeg,Monocyte,Monocyte,0.586,1
_0_6529.jpeg,Monocyte,Monocyte,0.9644,1
_0_6537.jpeg,Monocyte,Neutrophil,0.8821,0
_0_6544.jpeg,Monocyte,Neutrophil,0.877,0
_0_6600.jpeg,Monocyte,Monocyte,0.9747,1
_0_668.jpeg,Monocyte,Neutrophil,0.7527,0
_0_670.jpeg,Monocyte,Monocyte,0.9329,1
_0_6727.jpeg,Monocyte,Monocyte,0.9626,1
_0_6761.jpeg,Monocyte,Monocyte,0.9644,1
_0_6920.jpeg,Monocyte,Monocyte,0.6859,1
_0_7042.jpeg,Monocyte,Monocyte,0.9685,1
_0_7059.jpeg,Monocyte,Monocyte,0.5582,1
_0_7231.jpeg,Monocyte,Monocyte,0.7324,1
_0_7251.jpeg,Monocyte,Monocyte,0.6219,1
_0_7306.jpeg,Monocyte,Monocyte,0.9561,1
_0_7369.jpeg,Monocyte,Monocyte,0.961,1
_0_7375.jpeg,Monocyte,Neutrophil,0.8953,0
_0_7427.jpeg,Monocyte,Neutrophil,0.7366,0
_0_7577.jpeg,Monocyte,Monocyte,0.9698,1
_0_7683.jpeg,Monocyte,Monocyte,0.7576,1
_0_7840.jpeg,Monocyte,Neutrophil,0.8038,0
_0_7844.jpeg,Monocyte,Monocyte,0.6684,1
_0_7945.jpeg,Monocyte,Monocyte,0.6234,1
_0_8005.jpeg,Monocyte,Neutrophil,0.9092,0
_0_8068.jpeg,Monocyte,Monocyte,0.591,1
_0_8130.jpeg,Monocyte,Monocyte,0.9689,1
_0_8326.jpeg,Monocyte,Monocyte,0.5932,1
_0_8332.jpeg,Monocyte,Neutrophil,0.905,0
_0_8342.jpeg,Monocyte,Monocyte,0.9441,1
_0_8351.jpeg,Monocyte,Monocyte,0.9437,1
_0_8495.jpeg,Monocyte,Monocyte,0.6726,1
_0_8508.jpeg,Monocyte,Monocyte,0.9654,1
_0_8566.jpeg,Monocyte,Neutrophil,0.9111,0
_0_8594.jpeg,Monocyte,Monocyte,0.6752,1
_0_8678.jpeg,Monocyte,Monocyte,0.9501,1
_0_8705.jpeg,Monocyte,Monocyte,0.9457,1
_0_8941.jpeg,Monocyte,Monocyte,0.963,1
_0_8961.jpeg,Monocyte,Monocyte,0.7548,1
_0_8981.jpeg,Monocyte,Monocyte,0.7963,1
_0_900.jpeg,Monocyte,Monocyte,0.6971,1
_0_9003.jpeg,Monocyte,Monocyte,0.6957,1
_0_9089.jpeg,Monocyte,Monocyte,0.7151,1
_0_9170.jpeg,Monocyte,Neutrophil,0.8564,0
_0_918.jpeg,Monocyte,Monocyte,0.6331,1
_0_9200.jpeg,Monocyte,Monocyte,0.965,1
_0_9329.jpeg,Monocyte,Monocyte,0.6365,1
_0_9339.jpeg,Monocyte,Monocyte,0.7495,1
_0_9436.jpeg,Monocyte,Neutrophil,0.8471,0
_0_9442.jpeg,Monocyte,Monocyte,0.7258,1
_0_9500.jpeg,Monocyte,Monocyte,0.6073,1
_0_9550.jpeg,Monocyte,Monocyte,0.6386,1
_0_9609.jpeg,Monocyte,Neutrophil,0.8567,0
_0_9768.jpeg,Monocyte,Monocyte,0.9664,1
_0_9843.jpeg,Monocyte,Monocyte,0.5935,1
_0_9860.jpeg,Monocyte,Monocyte,0.9638,1
_0_994.jpeg,Monocyte,Neutrophil,0.7854,0
_0_9950.jpeg,Monocyte,Monocyte,0.7057,1
_0_9965.jpeg,Monocyte,Monocyte,0.7322,1
_0_9980.jpeg,Monocyte,Neutrophil,0.7508,0
_1_1031.jpeg,Monocyte,Neutrophil,0.9099,0
_1_1054.jpeg,Monocyte,Monocyte,0.958,1
_1_1112.jpeg,Monocyte,Monocyte,0.4649,1
_1_1157.jpeg,Monocyte,Monocyte,0.6416,1
_1_1359.jpeg,Monocyte,Monocyte,0.9684,1
_1_1398.jpeg,Monocyte,Monocyte,0.795,1
_1_1407.jpeg,Monocyte,Monocyte,0.7012,1
_1_1575.jpeg,Monocyte,Neutrophil,0.8689,0
_1_1650.jpeg,Monocyte,Monocyte,0.6213,1
_1_1686.jpeg,Monocyte,Monocyte,0.7207,1
_1_1689.jpeg,Monocyte,Monocyte,0.5067,1
_1_1704.jpeg,Monocyte,Neutrophil,0.8905,0
_1_1743.jpeg,Monocyte,Monocyte,0.9258,1
_1_178.jpeg,Monocyte,Monocyte,0.7003,1
_1_1966.jpeg,Monocyte,Monocyte,0.6251,1
_1_2161.jpeg,Monocyte,Monocyte,0.9693,1
_1_2281.jpeg,Monocyte,Neutrophil,0.8996,0
_1_2312.jpeg,Monocyte,Monocyte,0.7046,1
_1_2319.jpeg,Monocyte,Neutrophil,0.8194,0
_1_2500.jpeg,Monocyte,Neutrophil,0.8404,0
_1_2543.jpeg,Monocyte,Monocyte,0.5282,1
_1_2573.jpeg,Monocyte,Monocyte,0.9543,1
_1_2577.jpeg,Monocyte,Neutrophil,0.7655,0
_1_2746.jpeg,Monocyte,Monocyte,0.7004,1
_1_2780.jpeg,Monocyte,Monocyte,0.632,1
_1_2838.jpeg,Monocyte,Monocyte,0.9608,1
_1_2843.jpeg,Monocyte,Neutrophil,0.9323,0
_1_2875.jpeg,Monocyte,Monocyte,0.6105,1
_1_2954.jpeg,Monocyte,Neutrophil,0.8783,0
_1_30.jpeg,Monocyte,Neutrophil,0.9122,0
_1_3076.jpeg,Monocyte,Monocyte,0.9546,1
_1_3101.jpeg,Monocyte,Neutrophil,0.8568,0
_1_3147.jpeg,Monocyte,Neutrophil,0.843,0
_1_3280.jpeg,Monocyte,Neutrophil,0.847,0
_1_3283.jpeg,Monocyte,Monocyte,0.9644,1
_1_3291.jpeg,Monocyte,Neutrophil,0.8908,0
_1_3309.jpeg,Monocyte,Monocyte,0.9659,1
_1_3313.jpeg,Monocyte,Neutrophil,0.8274,0
_1_3681.jpeg,Monocyte,Monocyte,0.6647,1
_1_3694.jpeg,Monocyte,Neutrophil,0.8986,0
_1_3759.jpeg,Monocyte,Monocyte,0.8163,1
_1_3784.jpeg,Monocyte,Neutrophil,0.853,0
_1_3827.jpeg,Monocyte,Monocyte,0.9598,1
_1_3860.jpeg,Monocyte,Neutrophil,0.8282,0
_1_3906.jpeg,Monocyte,Neutrophil,0.9049,0
_1_4087.jpeg,Monocyte,Monocyte,0.6259,1
_1_409.jpeg,Monocyte,Monocyte,0.6161,1
_1_4134.jpeg,Monocyte,Monocyte,0.6753,1
_1_4183.jpeg,Monocyte,Monocyte,0.6299,1
_1_4221.jpeg,Monocyte,Monocyte,0.6674,1
_1_4271.jpeg,Monocyte,Neutrophil,0.9052,0
_1_4272.jpeg,Monocyte,Monocyte,0.6649,1
_1_4339.jpeg,Monocyte,Neutrophil,0.8615,0
_1_4441.jpeg,Monocyte,Monocyte,0.9672,1
_1_4450.jpeg,Monocyte,Monocyte,0.7286,1
_1_4573.jpeg,Monocyte,Neutrophil,0.8808,0
_1_4642.jpeg,Monocyte,Monocyte,0.9685,1
_1_473.jpeg,Monocyte,Neutrophil,0.8018,0
_1_4808.jpeg,Monocyte,Monocyte,0.9658,1
_1_4923.jpeg,Monocyte,Neutrophil,0.8459,0
_1_4931.jpeg,Monocyte,Neutrophil,0.8145,0
_1_5005.jpeg,Monocyte,Monocyte,0.6562,1
_1_5016.jpeg,Monocyte,Neutrophil,0.8432,0
_1_514.jpeg,Monocyte,Monocyte,0.9698,1
_1_5148.jpeg,Monocyte,Monocyte,0.7351,1
_1_5210.jpeg,Monocyte,Monocyte,0.9557,1
_1_5232.jpeg,Monocyte,Monocyte,0.4871,1
_1_5237.jpeg,Monocyte,Neutrophil,0.8227,0
_1_5295.jpeg,Monocyte,Monocyte,0.9619,1
_1_5374.jpeg,Monocyte,Monocyte,0.9447,1
_1_5377.jpeg,Monocyte,Monocyte,0.6649,1
_1_5380.jpeg,Monocyte,Monocyte,0.7171,1
_1_5451.jpeg,Monocyte,Neutrophil,0.9419,0
_1_5515.jpeg,Monocyte,Monocyte,0.7227,1
_1_5596.jpeg,Monocyte,Neutrophil,0.8961,0
_1_566.jpeg,Monocyte,Neutrophil,0.886,0
_1_5818.jpeg,Monocyte,Monocyte,0.6164,1
_1_5886.jpeg,Monocyte,Neutrophil,0.9028,0
_1_6014.jpeg,Monocyte,Monocyte,0.768,1
_1_6080.jpeg,Monocyte,Monocyte,0.9719,1
_1_6092.jpeg,Monocyte,Neutrophil,0.8188,0
_1_6159.jpeg,Monocyte,Monocyte,0.9481,1
_1_6194.jpeg,Monocyte,Monocyte,0.6155,1
_1_6201.jpeg,Monocyte,Monocyte,0.764,1
_1_6207.jpeg,Monocyte,Monocyte,0.569,1
_1_621.jpeg,Monocyte,Neutrophil,0.8041,0
_1_6263.jpeg,Monocyte,Monocyte,0.5322,1
_1_635.jpeg,Monocyte,Neutrophil,0.7193,0
_1_6355.jpeg,Monocyte,Monocyte,0.6025,1
_1_6377.jpeg,Monocyte,Monocyte,0.6829,1
_1_6379.jpeg,Monocyte,Monocyte,0.719,1
_1_6436.jpeg,Monocyte,Neutrophil,0.8155,0
_1_6472.jpeg,Monocyte,Monocyte,0.9607,1
_1_6493.jpeg,Monocyte,Monocyte,0.6973,1
_1_6526.jpeg,Monocyte,Monocyte,0.6939,1
_1_6563.jpeg,Monocyte,Neutrophil,0.9241,0
_1_6571.jpeg,Monocyte,Neutrophil,0.8147,0
_1_664.jpeg,Monocyte,Monocyte,0.5705,1
_1_6641.jpeg,Monocyte,Monocyte,0.7945,1
_1_6659.jpeg,Monocyte,Monocyte,0.7133,1
_1_6702.jpeg,Monocyte,Monocyte,0.6512,1
_1_6719.jpeg,Monocyte,Monocyte,0.5751,1
_1_673.jpeg,Monocyte,Monocyte,0.6463,1
_1_6772.jpeg,Monocyte,Monocyte,0.6598,1
_1_6851.jpeg,Monocyte,Neutrophil,0.8717,0
_1_6857.jpeg,Monocyte,Monocyte,0.5941,1
_1_6860.jpeg,Monocyte,Monocyte,0.7196,1
_1_6937.jpeg,Monocyte,Monocyte,0.7136,1
_1_696.jpeg,Monocyte,Neutrophil,0.9191,0
_1_7093.jpeg,Monocyte,Monocyte,0.7118,1
_1_7136.jpeg,Monocyte,Monocyte,0.9473,1
_1_7277.jpeg,Monocyte,Neutrophil,0.9265,0
_1_7304.jpeg,Monocyte,Neutrophil,0.8815,0
_1_7310.jpeg,Monocyte,Monocyte,0.7596,1
_1_739.jpeg,Monocyte,Monocyte,0.581,1
_1_7435.jpeg,Monocyte,Monocyte,0.6682,1
_1_7507.jpeg,Monocyte,Monocyte,0.944,1
_1_7675.jpeg,Monocyte,Monocyte,0.9559,1
_1_7768.jpeg,Monocyte,Monocyte,0.9703,1
_1_7952.jpeg,Monocyte,Monocyte,0.6913,1
_1_7992.jpeg,Monocyte,Neutrophil,0.9435,0
_1_8049.jpeg,Monocyte,Monocyte,0.971,1
_1_8054.jpeg,Monocyte,Neutrophil,0.84,0
_1_8138.jpeg,Monocyte,Monocyte,0.7782,1
_1_8155.jpeg,Monocyte,Monocyte,0.7047,1
_1_8178.jpeg,Monocyte,Monocyte,0.9656,1
_1_818.jpeg,Monocyte,Monocyte,0.6532,1
_1_8187.jpeg,Monocyte,Monocyte,0.4935,1
_1_8291.jpeg,Monocyte,Monocyte,0.6538,1
_1_8411.jpeg,Monocyte,Monocyte,0.6873,1
_1_8614.jpeg,Monocyte,Neutrophil,0.8738,0
_1_87.jpeg,Monocyte,Monocyte,0.6878,1
_1_8741.jpeg,Monocyte,Monocyte,0.9658,1
_1_8778.jpeg,Monocyte,Neutrophil,0.9087,0
_1_8799.jpeg,Monocyte,Monocyte,0.719,1
_1_8845.jpeg,Monocyte,Monocyte,0.6543,1
_1_8948.jpeg,Monocyte,Neutrophil,0.8956,0
_1_8955.jpeg,Monocyte,Neutrophil,0.818,0
_1_8968.jpeg,Monocyte,Monocyte,0.6601,1
_1_9107.jpeg,Monocyte,Monocyte,0.756,1
_1_9129.jpeg,Monocyte,Monocyte,0.9498,1
_1_936.jpeg,Monocyte,Neutrophil,0.9134,0
_1_9489.jpeg,Monocyte,Monocyte,0.9531,1
_1_9584.jpeg,Monocyte,Monocyte,0.6662,1
_1_9615.jpeg,Monocyte,Monocyte,0.7754,1
_1_9694.jpeg,Monocyte,Neutrophil,0.9469,0
_1_9702.jpeg,Monocyte,Monocyte,0.7687,1
_1_9703.jpeg,Monocyte,Monocyte,0.6092,1
_1_9774.jpeg,Monocyte,Monocyte,0.9574,1
_1_9852.jpeg,Monocyte,Monocyte,0.9611,1
_1_9898.jpeg,Monocyte,Monocyte,0.9667,1
_1_9905.jpeg,Monocyte,Monocyte,0.5247,1
_1_992.jpeg,Monocyte,Neutrophil,0.8198,0
_1_9923.jpeg,Monocyte,Monocyte,0.5408,1
_1_9935.jpeg,Monocyte,Monocyte,0.9597,1
_2_1281.jpeg,Monocyte,Monocyte,0.7951,1
_2_1286.jpeg,Monocyte,Neutrophil,0.9,0
_2_1358.jpeg,Monocyte,Monocyte,0.7222,1
_2_1468.jpeg,Monocyte,Monocyte,0.9582,1
_2_1501.jpeg,Monocyte,Neutrophil,0.8726,0
_2_1536.jpeg,Monocyte,Monocyte,0.5511,1
_2_1632.jpeg,Monocyte,Monocyte,0.9679,1
_2_1685.jpeg,Monocyte,Neutrophil,0.8149,0
_2_179.jpeg,Monocyte,Neutrophil,0.9141,0
_2_1819.jpeg,Monocyte,Monocyte,0.7009,1
_2_1965.jpeg,Monocyte,Monocyte,0.969,1
_2_1971.jpeg,Monocyte,Monocyte,0.5725,1
_2_1999.jpeg,Monocyte,Monocyte,0.6937,1
_2_2024.jpeg,Monocyte,Monocyte,0.9653,1
_2_2046.jpeg,Monocyte,Monocyte,0.4998,1
_2_2051.jpeg,Monocyte,Monocyte,0.7912,1
_2_2065.jpeg,Monocyte,Monocyte,0.6612,1
_2_21.jpeg,Monocyte,Monocyte,0.6494,1
_2_2333.jpeg,Monocyte,Monocyte,0.7224,1
_2_2341.jpeg,Monocyte,Monocyte,0.9536,1
_2_2388.jpeg,Monocyte,Monocyte,0.9701,1
_2_2480.jpeg,Monocyte,Monocyte,0.7446,1
_2_2557.jpeg,Monocyte,Neutrophil,0.9094,0
_2_2598.jpeg,Monocyte,Neutrophil,0.8488,0
_2_2641.jpeg,Monocyte,Monocyte,0.7168,1
_2_274.jpeg,Monocyte,Monocyte,0.958,1
_2_2893.jpeg,Monocyte,Monocyte,0.6086,1
_2_2901.jpeg,Monocyte,Neutrophil,0.8526,0
_2_2924.jpeg,Monocyte,Monocyte,0.6603,1
_2_2928.jpeg,Monocyte,Monocyte,0.7354,1
_2_297.jpeg,Monocyte,Monocyte,0.6036,1
_2_2986.jpeg,Monocyte,Neutrophil,0.829,0
_2_3100.jpeg,Monocyte,Monocyte,0.9616,1
_2_3115.jpeg,Monocyte,Monocyte,0.6404,1
_2_3204.jpeg,Monocyte,Neutrophil,0.8704,0
_2_324.jpeg,Monocyte,Monocyte,0.7994,1
_2_3375.jpeg,Monocyte,Neutrophil,0.8364,0
_2_3433.jpeg,Monocyte,Neutrophil,0.8807,0
_2_3463.jpeg,Monocyte,Neutrophil,0.8917,0
_2_3472.jpeg,Monocyte,Monocyte,0.9438,1
_2_3498.jpeg,Monocyte,Monocyte,0.972,1
_2_3504.jpeg,Monocyte,Neutrophil,0.9003,0
_2_3515.jpeg,Monocyte,Monocyte,0.9525,1
_2_3547.jpeg,Monocyte,Monocyte,0.9566,1
_2_3629.jpeg,Monocyte,Monocyte,0.6909,1
_2_3639.jpeg,Monocyte,Monocyte,0.7326,1
_2_3652.jpeg,Monocyte,Monocyte,0.6855,1
_2_3697.jpeg,Monocyte,Neutrophil,0.9255,0
_2_3849.jpeg,Monocyte,Neutrophil,0.8653,0
_2_3910.jpeg,Monocyte,Neutrophil,0.8146,0
_2_3932.jpeg,Monocyte,Monocyte,0.6796,1
_2_3974.jpeg,Monocyte,Monocyte,0.5275,1
_2_3977.jpeg,Monocyte,Monocyte,0.56,1
_2_4034.jpeg,Monocyte,Monocyte,0.7913,1
_2_4197.jpeg,Monocyte,Monocyte,0.696,1
_2_4261.jpeg,Monocyte,Monocyte,0.6504,1
_2_4307.jpeg,Monocyte,Monocyte,0.5724,1
_2_4363.jpeg,Monocyte,Monocyte,0.7196,1
_2_44.jpeg,Monocyte,Neutrophil,0.8428,0
_2_4490.jpeg,Monocyte,Neutrophil,0.8391,0
_2_4602.jpeg,Monocyte,Monocyte,0.6263,1
_2_4606.jpeg,Monocyte,Monocyte,0.7157,1
_2_465.jpeg,Monocyte,Monocyte,0.958,1
_2_4675.jpeg,Monocyte,Monocyte,0.4486,1
_2_469.jpeg,Monocyte,Neutrophil,0.8858,0
_2_4702.jpeg,Monocyte,Monocyte,0.961,1
_2_4725.jpeg,Monocyte,Monocyte,0.9559,1
_2_4754.jpeg,Monocyte,Neutrophil,0.7021,0
_2_4808.jpeg,Monocyte,Monocyte,0.7276,1
_2_4844.jpeg,Monocyte,Monocyte,0.7375,1
_2_4962.jpeg,Monocyte,Monocyte,0.9551,1
_2_4966.jpeg,Monocyte,Monocyte,0.5613,1
_2_498.jpeg,Monocyte,Neutrophil,0.8365,0
_2_4994.jpeg,Monocyte,Monocyte,0.967,1
_2_5016.jpeg,Monocyte,Neutrophil,0.8909,0
_2_5042.jpeg,Monocyte,Monocyte,0.6944,1
_2_5167.jpeg,Monocyte,Monocyte,0.6973,1
_2_5219.jpeg,Monocyte,Monocyte,0.4357,1
_2_5235.jpeg,Monocyte,Monocyte,0.7259,1
_2_5316.jpeg,Monocyte,Monocyte,0.6873,1
_2_5590.jpeg,Monocyte,Neutrophil,0.8814,0
_2_5683.jpeg,Monocyte,Monocyte,0.9595,1
_2_5713.jpeg,Monocyte,Monocyte,0.9711,1
_2_5734.jpeg,Monocyte,Monocyte,0.7119,1
_2_5809.jpeg,Monocyte,Monocyte,0.779,1
_2_587.jpeg,Monocyte,Monocyte,0.9606,1
_2_5985.jpeg,Monocyte,Monocyte,0.6915,1
_2_6036.jpeg,Monocyte,Neutrophil,0.9035,0
_2_607.jpeg,Monocyte,Monocyte,0.6864,1
_2_6325.jpeg,Monocyte,Monocyte,0.96,1
_2_6378.jpeg,Monocyte,Monocyte,0.5606,1
_2_6413.jpeg,Monocyte,Neutrophil,0.8597,0
_2_6427.jpeg,Monocyte,Monocyte,0.9658,1
_2_6467.jpeg,Monocyte,Monocyte,0.9601,1
_2_6521.jpeg,Monocyte,Monocyte,0.6743,1
_2_6536.jpeg,Monocyte,Monocyte,0.7378,1
_2_6667.jpeg,Monocyte,Monocyte,0.5882,1
_2_6767.jpeg,Monocyte,Monocyte,0.7288,1
_2_6807.jpeg,Monocyte,Neutrophil,0.9556,0
_2_6877.jpeg,Monocyte,Monocyte,0.9651,1
_2_6910.jpeg,Monocyte,Neutrophil,0.7312,0
_2_7083.jpeg,Monocyte,Monocyte,0.9481,1
_2_7088.jpeg,Monocyte,Monocyte,0.8153,1
_2_7123.jpeg,Monocyte,Monocyte,0.6813,1
_2_7234.jpeg,Monocyte,Monocyte,0.6763,1
_2_7389.jpeg,Monocyte,Neutrophil,0.8707,0
_2_7490.jpeg,Monocyte,Monocyte,0.6509,1
_2_7494.jpeg,Monocyte,Monocyte,0.7583,1
_2_7559.jpeg,Monocyte,Monocyte,0.9682,1
_2_7569.jpeg,Monocyte,Neutrophil,0.9485,0
_2_7701.jpeg,Monocyte,Monocyte,0.7005,1
_2_7789.jpeg,Monocyte,Monocyte,0.7105,1
_2_779.jpeg,Monocyte,Monocyte,0.6844,1
_2_7811.jpeg,Monocyte,Monocyte,0.4776,1
_2_7880.jpeg,Monocyte,Monocyte,0.952,1
_2_7915.jpeg,Monocyte,Monocyte,0.9371,1
_2_7942.jpeg,Monocyte,Monocyte,0.6253,1
_2_7955.jpeg,Monocyte,Neutrophil,0.8598,0
_2_7994.jpeg,Monocyte,Neutrophil,0.9332,0
_2_7998.jpeg,Monocyte,Monocyte,0.6885,1
_2_8050.jpeg,Monocyte,Monocyte,0.764,1
_2_8067.jpeg,Monocyte,Monocyte,0.953,1
_2_8238.jpeg,Monocyte,Neutrophil,0.9432,0
_2_8250.jpeg,Monocyte,Monocyte,0.9137,1
_2_8294.jpeg,Monocyte,Monocyte,0.8292,1
_2_8307.jpeg,Monocyte,Monocyte,0.6922,1
_2_8310.jpeg,Monocyte,Monocyte,0.7026,1
_2_8376.jpeg,Monocyte,Monocyte,0.7674,1
_2_8454.jpeg,Monocyte,Monocyte,0.9367,1
_2_849.jpeg,Monocyte,Neutrophil,0.9054,0
_2_8613.jpeg,Monocyte,Monocyte,0.6898,1
_2_8812.jpeg,Monocyte,Monocyte,0.6039,1
_2_8829.jpeg,Monocyte,Monocyte,0.5621,1
_2_8868.jpeg,Monocyte,Monocyte,0.5883,1
_2_8878.jpeg,Monocyte,Monocyte,0.6075,1
_2_8895.jpeg,Monocyte,Monocyte,0.9644,1
_2_8937.jpeg,Monocyte,Monocyte,0.6999,1
_2_8976.jpeg,Monocyte,Monocyte,0.7626,1
_2_9069.jpeg,Monocyte,Monocyte,0.7704,1
_2_9135.jpeg,Monocyte,Monocyte,0.5542,1
_2_9227.jpeg,Monocyte,Monocyte,0.9638,1
_2_9262.jpeg,Monocyte,Monocyte,0.6453,1
_2_929.jpeg,Monocyte,Monocyte,0.6898,1
_2_9295.jpeg,Monocyte,Monocyte,0.9593,1
_2_939.jpeg,Monocyte,Monocyte,0.6953,1
_2_9399.jpeg,Monocyte,Monocyte,0.7545,1
_2_9541.jpeg,Monocyte,Neutrophil,0.9044,0
_2_9610.jpeg,Monocyte,Neutrophil,0.8707,0
_2_962.jpeg,Monocyte,Monocyte,0.9388,1
_2_966.jpeg,Monocyte,Monocyte,0.7673,1
_2_9914.jpeg,Monocyte,Monocyte,0.9583,1
_2_9919.jpeg,Monocyte,Neutrophil,0.874,0
_2_9953.jpeg,Monocyte,Monocyte,0.5313,1
_2_9991.jpeg,Monocyte,Monocyte,0.9695,1
_2_9998.jpeg,Monocyte,Monocyte,0.7034,1
_3_101.jpeg,Monocyte,Neutrophil,0.8571,0
_3_1037.jpeg,Monocyte,Neutrophil,0.8766,0
_3_1068.jpeg,Monocyte,Monocyte,0.5559,1
_3_1206.jpeg,Monocyte,Monocyte,0.7391,1
_3_1271.jpeg,Monocyte,Neutrophil,0.8891,0
_3_1361.jpeg,Monocyte,Monocyte,0.9541,1
_3_1428.jpeg,Monocyte,Monocyte,0.6795,1
_3_1492.jpeg,Monocyte,Monocyte,0.6808,1
_3_1523.jpeg,Monocyte,Monocyte,0.9704,1
_3_1538.jpeg,Monocyte,Monocyte,0.7851,1
_3_1570.jpeg,Monocyte,Neutrophil,0.945,0
_3_1612.jpeg,Monocyte,Monocyte,0.7074,1
_3_1638.jpeg,Monocyte,Monocyte,0.9654,1
_3_1645.jpeg,Monocyte,Monocyte,0.5318,1
_3_1672.jpeg,Monocyte,Monocyte,0.6912,1
_3_1735.jpeg,Monocyte,Monocyte,0.6496,1
_3_1807.jpeg,Monocyte,Monocyte,0.7603,1
_3_1855.jpeg,Monocyte,Monocyte,0.7025,1
_3_1871.jpeg,Monocyte,Monocyte,0.6807,1
_3_1955.jpeg,Monocyte,Neutrophil,0.7101,0
_3_1965.jpeg,Monocyte,Monocyte,0.9578,1
_3_2071.jpeg,Monocyte,Neutrophil,0.8164,0
_3_2156.jpeg,Monocyte,Monocyte,0.6574,1
_3_2174.jpeg,Monocyte,Monocyte,0.6174,1
_3_2198.jpeg,Monocyte,Monocyte,0.7816,1
_3_2371.jpeg,Monocyte,Monocyte,0.7786,1
_3_2541.jpeg,Monocyte,Monocyte,0.9525,1
_3_2602.jpeg,Monocyte,Monocyte,0.7988,1
_3_2678.jpeg,Monocyte,Neutrophil,0.8217,0
_3_2696.jpeg,Monocyte,Monocyte,0.9671,1
_3_2748.jpeg,Monocyte,Monocyte,0.9673,1
_3_276.jpeg,Monocyte,Neutrophil,0.9175,0
_3_2823.jpeg,Monocyte,Monocyte,0.6026,1
_3_2866.jpeg,Monocyte,Monocyte,0.9688,1
_3_2872.jpeg,Monocyte,Monocyte,0.9703,1
_3_2897.jpeg,Monocyte,Monocyte,0.7552,1
_3_3122.jpeg,Monocyte,Monocyte,0.6474,1
_3_3193.jpeg,Monocyte,Monocyte,0.5474,1
_3_3235.jpeg,Monocyte,Neutrophil,0.9251,0
_3_3335.jpeg,Monocyte,Monocyte,0.9578,1
_3_3352.jpeg,Monocyte,Monocyte,0.6276,1
_3_3376.jpeg,Monocyte,Monocyte,0.6621,1
_3_3414.jpeg,Monocyte,Monocyte,0.6739,1
_3_3465.jpeg,Monocyte,Monocyte,0.7788,1
_3_3484.jpeg,Monocyte,Monocyte,0.7357,1
_3_3533.jpeg,Monocyte,Monocyte,0.9604,1
_3_3659.jpeg,Monocyte,Monocyte,0.6981,1
_3_3680.jpeg,Monocyte,Monocyte,0.6407,1
_3_3697.jpeg,Monocyte,Monocyte,0.7293,1
_3_376.jpeg,Monocyte,Neutrophil,0.8984,0
_3_3796.jpeg,Monocyte,Monocyte,0.4744,1
_3_384.jpeg,Monocyte,Neutrophil,0.8866,0
_3_3888.jpeg,Monocyte,Monocyte,0.961,1
_3_3933.jpeg,Monocyte,Monocyte,0.6179,1
_3_40.jpeg,Monocyte,Monocyte,0.6815,1
_3_4257.jpeg,Monocyte,Neutrophil,0.7487,0
_3_434.jpeg,Monocyte,Monocyte,0.9467,1
_3_4387.jpeg,Monocyte,Monocyte,0.9517,1
_3_4470.jpeg,Monocyte,Monocyte,0.712,1
_3_4515.jpeg,Monocyte,Monocyte,0.9386,1
_3_4548.jpeg,Monocyte,Monocyte,0.6006,1
_3_4562.jpeg,Monocyte,Neutrophil,0.7838,0
_3_4576.jpeg,Monocyte,Monocyte,0.7842,1
_3_4646.jpeg,Monocyte,Monocyte,0.966,1
_3_4658.jpeg,Monocyte,Neutrophil,0.8621,0
_3_4667.jpeg,Monocyte,Monocyte,0.7305,1
_3_4746.jpeg,Monocyte,Monocyte,0.7182,1
_3_485.jpeg,Monocyte,Neutrophil,0.9115,0
_3_4960.jpeg,Monocyte,Monocyte,0.955,1
_3_5125.jpeg,Monocyte,Monocyte,0.7763,1
_3_5177.jpeg,Monocyte,Monocyte,0.9476,1
_3_5179.jpeg,Monocyte,Monocyte,0.6935,1
_3_5192.jpeg,Monocyte,Monocyte,0.9679,1
_3_5290.jpeg,Monocyte,Monocyte,0.9643,1
_3_5379.jpeg,Monocyte,Monocyte,0.9619,1
_3_5433.jpeg,Monocyte,Monocyte,0.5976,1
_3_545.jpeg,Monocyte,Monocyte,0.6456,1
_3_55.jpeg,Monocyte,Monocyte,0.7196,1
_3_5665.jpeg,Monocyte,Monocyte,0.7817,1
_3_5720.jpeg,Monocyte,Monocyte,0.9533,1
_3_5830.jpeg,Monocyte,Monocyte,0.5684,1
_3_5945.jpeg,Monocyte,Monocyte,0.6952,1
_3_5958.jpeg,Monocyte,Monocyte,0.6871,1
_3_5962.jpeg,Monocyte,Neutrophil,0.7801,0
_3_6216.jpeg,Monocyte,Monocyte,0.9774,1
_3_6313.jpeg,Monocyte,Neutrophil,0.8877,0
_3_6332.jpeg,Monocyte,Monocyte,0.6933,1
_3_6582.jpeg,Monocyte,Neutrophil,0.8806,0
_3_6619.jpeg,Monocyte,Monocyte,0.5613,1
_3_6632.jpeg,Monocyte,Monocyte,0.9726,1
_3_6696.jpeg,Monocyte,Monocyte,0.9632,1
_3_6724.jpeg,Monocyte,Monocyte,0.7728,1
_3_6738.jpeg,Monocyte,Monocyte,0.6311,1
_3_684.jpeg,Monocyte,Monocyte,0.7307,1
_3_6862.jpeg,Monocyte,Monocyte,0.9699,1
_3_6941.jpeg,Monocyte,Monocyte,0.7652,1
_3_6966.jpeg,Monocyte,Monocyte,0.6252,1
_3_6999.jpeg,Monocyte,Monocyte,0.6706,1
_3_7058.jpeg,Monocyte,Monocyte,0.6481,1
_3_7071.jpeg,Monocyte,Monocyte,0.8001,1
_3_7108.jpeg,Monocyte,Monocyte,0.6861,1
_3_7274.jpeg,Monocyte,Monocyte,0.4889,1
_3_7278.jpeg,Monocyte,Monocyte,0.9507,1
_3_7306.jpeg,Monocyte,Monocyte,0.6631,1
_3_7346.jpeg,Monocyte,Monocyte,0.5949,1
_3_7352.jpeg,Monocyte,Neutrophil,0.8409,0
_3_7425.jpeg,Monocyte,Monocyte,0.9655,1
_3_7609.jpeg,Monocyte,Neutrophil,0.7105,0
_3_7622.jpeg,Monocyte,Monocyte,0.732,1
_3_7678.jpeg,Monocyte,Monocyte,0.968,1
_3_7746.jpeg,Monocyte,Monocyte,0.9416,1
_3_7788.jpeg,Monocyte,Neutrophil,0.9217,0
_3_7797.jpeg,Monocyte,Monocyte,0.9711,1
_3_7866.jpeg,Monocyte,Neutrophil,0.833,0
_3_7913.jpeg,Monocyte,Monocyte,0.6758,1
_3_7996.jpeg,Monocyte,Monocyte,0.6234,1
_3_8.jpeg,Monocyte,Monocyte,0.5714,1
_3_8013.jpeg,Monocyte,Monocyte,0.6967,1
_3_8023.jpeg,Monocyte,Monocyte,0.7205,1
_3_8158.jpeg,Monocyte,Monocyte,0.6486,1
_3_8166.jpeg,Monocyte,Monocyte,0.5617,1
_3_8176.jpeg,Monocyte,Monocyte,0.9287,1
_3_82.jpeg,Monocyte,Monocyte,0.9662,1
_3_8323.jpeg,Monocyte,Monocyte,0.6905,1
_3_8410.jpeg,Monocyte,Monocyte,0.6701,1
_3_8442.jpeg,Monocyte,Neutrophil,0.8601,0
_3_8513.jpeg,Monocyte,Neutrophil,0.8958,0
_3_8583.jpeg,Monocyte,Monocyte,0.9574,1
_3_8590.jpeg,Monocyte,Monocyte,0.8191,1
_3_8602.jpeg,Monocyte,Monocyte,0.6743,1
_3_8613.jpeg,Monocyte,Neutrophil,0.889,0
_3_8644.jpeg,Monocyte,Monocyte,0.9624,1
_3_8660.jpeg,Monocyte,Neutrophil,0.8663,0
_3_8718.jpeg,Monocyte,Monocyte,0.94,1
_3_8734.jpeg,Monocyte,Neutrophil,0.8331,0
_3_8795.jpeg,Monocyte,Monocyte,0.6952,1
_3_8870.jpeg,Monocyte,Monocyte,0.7176,1
_3_8908.jpeg,Monocyte,Monocyte,0.9408,1
_3_893.jpeg,Monocyte,Neutrophil,0.84,0
_3_8932.jpeg,Monocyte,Monocyte,0.7624,1
_3_8942.jpeg,Monocyte,Monocyte,0.7449,1
_3_8958.jpeg,Monocyte,Monocyte,0.6848,1
_3_8990.jpeg,Monocyte,Monocyte,0.7286,1
_3_9012.jpeg,Monocyte,Monocyte,0.5685,1
_3_9102.jpeg,Monocyte,Monocyte,0.9714,1
_3_9151.jpeg,Monocyte,Neutrophil,0.8068,0
_3_9262.jpeg,Monocyte,Monocyte,0.8008,1
_3_9310.jpeg,Monocyte,Monocyte,0.9637,1
_3_9330.jpeg,Monocyte,Monocyte,0.6271,1
_3_9331.jpeg,Monocyte,Monocyte,0.9467,1
_3_9351.jpeg,Monocyte,Monocyte,0.6981,1
_3_9423.jpeg,Monocyte,Neutrophil,0.8334,0
_3_980.jpeg,Monocyte,Monocyte,0.7382,1
_3_994.jpeg,Monocyte,Monocyte,0.6449,1
_0_1469.jpeg,Neutrophil,Neutrophil,0.9585,1
_0_208.jpeg,Neutrophil,Neutrophil,0.9603,1
_0_222.jpeg,Neutrophil,Neutrophil,0.8959,1
_0_2399.jpeg,Neutrophil,Neutrophil,0.9526,1
_0_2508.jpeg,Neutrophil,Neutrophil,0.9626,1
_0_4170.jpeg,Neutrophil,Neutrophil,0.839,1
_0_4354.jpeg,Neutrophil,Eosinophil,0.6701,0
_0_5667.jpeg,Neutrophil,Neutrophil,0.9696,1
_0_6431.jpeg,Neutrophil,Neutrophil,0.9644,1
_0_6711.jpeg,Neutrophil,Neutrophil,0.9676,1
_0_7022.jpeg,Neutrophil,Neutrophil,0.862,1
_0_768.jpeg,Neutrophil,Eosinophil,0.8766,0
_0_898.jpeg,Neutrophil,Neutrophil,0.9708,1
_0_9976.jpeg,Neutrophil,Neutrophil,0.9479,1
_10_1098.jpeg,Neutrophil,Neutrophil,0.938,1
_10_1245.jpeg,Neutrophil,Neutrophil,0.9701,1
_10_1381.jpeg,Neutrophil,Neutrophil,0.9344,1
_10_141.jpeg,Neutrophil,Neutrophil,0.9452,1
_10_2081.jpeg,Neutrophil,Neutrophil,0.9039,1
_10_4371.jpeg,Neutrophil,Neutrophil,0.9746,1
_10_6140.jpeg,Neutrophil,Eosinophil,0.8185,0
_10_633.jpeg,Neutrophil,Neutrophil,0.601,1
_10_7860.jpeg,Neutrophil,Neutrophil,0.9677,1
_10_8176.jpeg,Neutrophil,Neutrophil,0.8151,1
_10_940.jpeg,Neutrophil,Neutrophil,0.9478,1
_10_9503.jpeg,Neutrophil,Neutrophil,0.94,1
_10_9994.jpeg,Neutrophil,Neutrophil,0.5966,1
_11_1762.jpeg,Neutrophil,Neutrophil,0.9603,1
_11_1893.jpeg,Neutrophil,Neutrophil,0.9724,1
_11_2597.jpeg,Neutrophil,Neutrophil,0.9534,1
_11_3599.jpeg,Neutrophil,Neutrophil,0.9152,1
_11_3626.jpeg,Neutrophil,Neutrophil,0.9602,1
_11_3679.jpeg,Neutrophil,Neutrophil,0.9636,1
_11_5272.jpeg,Neutrophil,Neutrophil,0.9028,1
_11_5647.jpeg,Neutrophil,Neutrophil,0.9013,1
_11_6121.jpeg,Neutrophil,Neutrophil,0.9667,1
_11_6536.jpeg,Neutrophil,Neutrophil,0.7887,1
_11_6636.jpeg,Neutrophil,Neutrophil,0.9653,1
_11_6650.jpeg,Neutrophil,Neutrophil,0.951,1
_11_8605.jpeg,Neutrophil,Neutrophil,0.9638,1
_12_0.jpeg,Neutrophil,Neutrophil,0.8959,1
_12_1980.jpeg,Neutrophil,Neutrophil,0.8611,1
_12_3802.jpeg,Neutrophil,Neutrophil,0.9717,1
_12_3942.jpeg,Neutrophil,Neutrophil,0.7447,1
_12_4394.jpeg,Neutrophil,Neutrophil,0.9671,1
_12_4884.jpeg,Neutrophil,Neutrophil,0.8848,1
_12_5413.jpeg,Neutrophil,Neutrophil,0.6055,1
_12_5701.jpeg,Neutrophil,Neutrophil,0.971,1
_12_7420.jpeg,Neutrophil,Neutrophil,0.9456,1
_12_7885.jpeg,Neutrophil,Neutrophil,0.9118,1
_12_8310.jpeg,Neutrophil,Neutrophil,0.9655,1
_12_8624.jpeg,Neutrophil,Eosinophil,0.8543,0
_12_8711.jpeg,Neutrophil,Neutrophil,0.9699,1
_13_1803.jpeg,Neutrophil,Neutrophil,0.9739,1
_13_2814.jpeg,Neutrophil,Neutrophil,0.8776,1
_13_2906.jpeg,Neutrophil,Neutrophil,0.9109,1
_13_3271.jpeg,Neutrophil,Neutrophil,0.9251,1
_13_3505.jpeg,Neutrophil,Neutrophil,0.9706,1
_13_3538.jpeg,Neutrophil,Neutrophil,0.9638,1
_13_4506.jpeg,Neutrophil,Eosinophil,0.8316,0
_13_6397.jpeg,Neutrophil,Neutrophil,0.9753,1
_13_753.jpeg,Neutrophil,Neutrophil,0.9771,1
_13_8542.jpeg,Neutrophil,Neutrophil,0.9483,1
_13_9263.jpeg,Neutrophil,Neutrophil,0.9422,1
_13_9474.jpeg,Neutrophil,Neutrophil,0.9708,1
_13_9558.jpeg,Neutrophil,Neutrophil,0.9589,1
_14_1066.jpeg,Neutrophil,Neutrophil,0.6867,1
_14_1266.jpeg,Neutrophil,Neutrophil,0.9731,1
_14_1995.jpeg,Neutrophil,Neutrophil,0.9633,1
_14_2034.jpeg,Neutrophil,Neutrophil,0.7489,1
_14_2192.jpeg,Neutrophil,Neutrophil,0.7636,1
_14_2888.jpeg,Neutrophil,Neutrophil,0.9651,1
_14_3469.jpeg,Neutrophil,Neutrophil,0.9333,1
_14_3481.jpeg,Neutrophil,Neutrophil,0.9342,1
_14_6287.jpeg,Neutrophil,Neutrophil,0.9291,1
_14_6680.jpeg,Neutrophil,Neutrophil,0.9712,1
_14_7967.jpeg,Neutrophil,Neutrophil,0.9705,1
_14_8330.jpeg,Neutrophil,Neutrophil,0.8854,1
_14_8723.jpeg,Neutrophil,Neutrophil,0.9375,1
_15_1163.jpeg,Neutrophil,Neutrophil,0.9586,1
_15_143.jpeg,Neutrophil,Neutrophil,0.9524,1
_15_29.jpeg,Neutrophil,Neutrophil,0.9761,1
_15_3154.jpeg,Neutrophil,Neutrophil,0.7365,1
_15_434.jpeg,Neutrophil,Neutrophil,0.9732,1
_15_5210.jpeg,Neutrophil,Neutrophil,0.9486,1
_15_5763.jpeg,Neutrophil,Neutrophil,0.9486,1
_15_618.jpeg,Neutrophil,Neutrophil,0.8898,1
_15_6973.jpeg,Neutrophil,Neutrophil,0.9507,1
_15_733.jpeg,Neutrophil,Neutrophil,0.9511,1
_15_8486.jpeg,Neutrophil,Neutrophil,0.9674,1
_15_879.jpeg,Neutrophil,Neutrophil,0.9381,1
_15_9327.jpeg,Neutrophil,Eosinophil,0.6261,0
_16_3455.jpeg,Neutrophil,Neutrophil,0.9685,1
_16_3493.jpeg,Neutrophil,Neutrophil,0.6944,1
_16_3624.jpeg,Neutrophil,Neutrophil,0.9647,1
_16_4544.jpeg,Neutrophil,Neutrophil,0.9722,1
_16_4658.jpeg,Neutrophil,Neutrophil,0.9224,1
_16_4837.jpeg,Neutrophil,Neutrophil,0.9724,1
_16_5422.jpeg,Neutrophil,Eosinophil,0.9141,0
_16_5914.jpeg,Neutrophil,Neutrophil,0.984,1
_16_6249.jpeg,Neutrophil,Neutrophil,0.95,1
_16_6767.jpeg,Neutrophil,Eosinophil,0.7415,0
_16_8828.jpeg,Neutrophil,Neutrophil,0.8701,1
_16_8929.jpeg,Neutrophil,Eosinophil,0.8353,0
_16_940.jpeg,Neutrophil,Neutrophil,0.9752,1
_17_1000.jpeg,Neutrophil,Neutrophil,0.8738,1
_17_101.jpeg,Neutrophil,Neutrophil,0.8566,1
_17_1148.jpeg,Neutrophil,Neutrophil,0.9788,1
_17_1497.jpeg,Neutrophil,Neutrophil,0.9637,1
_17_2485.jpeg,Neutrophil,Eosinophil,0.8571,0
_17_4276.jpeg,Neutrophil,Neutrophil,0.9773,1
_17_5332.jpeg,Neutrophil,Neutrophil,0.9696,1
_17_6440.jpeg,Neutrophil,Neutrophil,0.9708,1
_17_7942.jpeg,Neutrophil,Neutrophil,0.9516,1
_17_8007.jpeg,Neutrophil,Neutrophil,0.9663,1
_17_8045.jpeg,Neutrophil,Neutrophil,0.862,1
_17_8298.jpeg,Neutrophil,Neutrophil,0.6979,1
_17_8718.jpeg,Neutrophil,Neutrophil,0.9386,1
_18_1037.jpeg,Neutrophil,Neutrophil,0.841,1
_18_1601.jpeg,Neutrophil,Neutrophil,0.9537,1
_18_171.jpeg,Neutrophil,Neutrophil,0.9615,1
_18_1836.jpeg,Neutrophil,Neutrophil,0.9398,1
_18_311.jpeg,Neutrophil,Neutrophil,0.9749,1
_18_3495.jpeg,Neutrophil,Neutrophil,0.684,1
_18_4038.jpeg,Neutrophil,Neutrophil,0.94,1
_18_5481.jpeg,Neutrophil,Neutrophil,0.9604,1
_18_8791.jpeg,Neutrophil,Neutrophil,0.9638,1
_18_9264.jpeg,Neutrophil,Neutrophil,0.9744,1
_18_9269.jpeg,Neutrophil,Neutrophil,0.9466,1
_18_963.jpeg,Neutrophil,Neutrophil,0.9675,1
_18_9725.jpeg,Neutrophil,Neutrophil,0.9674,1
_19_1390.jpeg,Neutrophil,Neutrophil,0.792,1
_19_1523.jpeg,Neutrophil,Neutrophil,0.9647,1
_19_1991.jpeg,Neutrophil,Neutrophil,0.9692,1
_19_2612.jpeg,Neutrophil,Neutrophil,0.9566,1
_19_2832.jpeg,Neutrophil,Neutrophil,0.9725,1
_19_306.jpeg,Neutrophil,Neutrophil,0.8523,1
_19_3214.jpeg,Neutrophil,Neutrophil,0.8791,1
_19_3640.jpeg,Neutrophil,Neutrophil,0.4948,1
_19_4238.jpeg,Neutrophil,Neutrophil,0.9648,1
_19_4380.jpeg,Neutrophil,Neutrophil,0.9094,1
_19_5311.jpeg,Neutrophil,Neutrophil,0.933,1
_19_7457.jpeg,Neutrophil,Neutrophil,0.9505,1
_19_8479.jpeg,Neutrophil,Neutrophil,0.9555,1
_1_1874.jpeg,Neutrophil,Neutrophil,0.8224,1
_1_2259.jpeg,Neutrophil,Neutrophil,0.964,1
_1_2609.jpeg,Neutrophil,Neutrophil,0.9674,1
_1_3685.jpeg,Neutrophil,Neutrophil,0.9413,1
_1_6016.jpeg,Neutrophil,Neutrophil,0.9332,1
_1_623.jpeg,Neutrophil,Neutrophil,0.9691,1
_1_6343.jpeg,Neutrophil,Neutrophil,0.9343,1
_1_7429.jpeg,Neutrophil,Neutrophil,0.971,1
_1_780.jpeg,Neutrophil,Neutrophil,0.9355,1
_1_787.jpeg,Neutrophil,Neutrophil,0.8642,1
_1_8011.jpeg,Neutrophil,Neutrophil,0.9697,1
_1_8662.jpeg,Neutrophil,Neutrophil,0.9682,1
_1_8847.jpeg,Neutrophil,Neutrophil,0.9664,1
_20_166.jpeg,Neutrophil,Neutrophil,0.975,1
_20_226.jpeg,Neutrophil,Neutrophil,0.9403,1
_20_2603.jpeg,Neutrophil,Neutrophil,0.9541,1
_20_3876.jpeg,Neutrophil,Eosinophil,0.7921,0
_20_3937.jpeg,Neutrophil,Neutrophil,0.9555,1
_20_5129.jpeg,Neutrophil,Eosinophil,0.7403,0
_20_5388.jpeg,Neutrophil,Neutrophil,0.9737,1
_20_5946.jpeg,Neutrophil,Neutrophil,0.9738,1
_20_6584.jpeg,Neutrophil,Neutrophil,0.956,1
_20_7077.jpeg,Neutrophil,Neutrophil,0.9304,1
_20_8140.jpeg,Neutrophil,Neutrophil,0.9301,1
_20_8307.jpeg,Neutrophil,Neutrophil,0.8872,1
_20_9505.jpeg,Neutrophil,Eosinophil,0.5734,0
_21_1449.jpeg,Neutrophil,Neutrophil,0.6922,1
_21_1628.jpeg,Neutrophil,Neutrophil,0.8921,1
_21_2245.jpeg,Neutrophil,Neutrophil,0.9662,1
_21_2777.jpeg,Neutrophil,Neutrophil,0.9435,1
_21_2987.jpeg,Neutrophil,Neutrophil,0.888,1
_21_4704.jpeg,Neutrophil,Neutrophil,0.9281,1
_21_475.jpeg,Neutrophil,Neutrophil,0.9653,1
_21_5129.jpeg,Neutrophil,Neutrophil,0.8997,1
_21_5693.jpeg,Neutrophil,Neutrophil,0.8736,1
_21_5701.jpeg,Neutrophil,Neutrophil,0.976,1
_21_6043.jpeg,Neutrophil,Neutrophil,0.9565,1
_21_7950.jpeg,Neutrophil,Neutrophil,0.9671,1
_21_8903.jpeg,Neutrophil,Neutrophil,0.9644,1
_22_1798.jpeg,Neutrophil,Neutrophil,0.9575,1
_22_2589.jpeg,Neutrophil,Neutrophil,0.8741,1
_22_2745.jpeg,Neutrophil,Neutrophil,0.8588,1
_22_2799.jpeg,Neutrophil,Neutrophil,0.9287,1
_22_2839.jpeg,Neutrophil,Neutrophil,0.9596,1
_22_3089.jpeg,Neutrophil,Neutrophil,0.8998,1
_22_3168.jpeg,Neutrophil,Neutrophil,0.9682,1
_22_3356.jpeg,Neutrophil,Neutrophil,0.966,1
_22_3419.jpeg,Neutrophil,Neutrophil,0.8426,1
_22_4284.jpeg,Neutrophil,Neutrophil,0.9625,1
_22_5209.jpeg,Neutrophil,Neutrophil,0.9603,1
_22_5595.jpeg,Neutrophil,Neutrophil,0.9349,1
_22_7548.jpeg,Neutrophil,Neutrophil,0.9735,1
_23_119.jpeg,Neutrophil,Neutrophil,0.9586,1
_23_1986.jpeg,Neutrophil,Neutrophil,0.9663,1
_23_2108.jpeg,Neutrophil,Neutrophil,0.969,1
_23_3458.jpeg,Neutrophil,Neutrophil,0.8659,1
_23_4409.jpeg,Neutrophil,Neutrophil,0.8461,1
_23_507.jpeg,Neutrophil,Neutrophil,0.9729,1
_23_5172.jpeg,Neutrophil,Neutrophil,0.9682,1
_23_5458.jpeg,Neutrophil,Neutrophil,0.9566,1
_23_5708.jpeg,Neutrophil,Eosinophil,0.6495,0
_23_6515.jpeg,Neutrophil,Eosinophil,0.7982,0
_23_7923.jpeg,Neutrophil,Neutrophil,0.9616,1
_23_8298.jpeg,Neutrophil,Neutrophil,0.9649,1
_23_911.jpeg,Neutrophil,Neutrophil,0.9617,1
_24_1869.jpeg,Neutrophil,Neutrophil,0.8615,1
_24_2249.jpeg,Neutrophil,Neutrophil,0.8645,1
_24_2419.jpeg,Neutrophil,Neutrophil,0.6751,1
_24_2478.jpeg,Neutrophil,Neutrophil,0.9648,1
_24_5003.jpeg,Neutrophil,Neutrophil,0.9119,1
_24_5062.jpeg,Neutrophil,Neutrophil,0.9591,1
_24_5286.jpeg,Neutrophil,Neutrophil,0.5918,1
_24_5515.jpeg,Neutrophil,Neutrophil,0.8889,1
_24_5788.jpeg,Neutrophil,Neutrophil,0.9683,1
_24_6172.jpeg,Neutrophil,Neutrophil,0.9654,1
_24_6550.jpeg,Neutrophil,Neutrophil,0.9358,1
_24_6807.jpeg,Neutrophil,Neutrophil,0.957,1
_24_726.jpeg,Neutrophil,Neutrophil,0.9574,1
_25_1125.jpeg,Neutrophil,Neutrophil,0.9715,1
_25_152.jpeg,Neutrophil,Neutrophil,0.9705,1
_25_1898.jpeg,Neutrophil,Neutrophil,0.9736,1
_25_2438.jpeg,Neutrophil,Neutrophil,0.9729,1
_25_3086.jpeg,Neutrophil,Neutrophil,0.9614,1
_25_3761.jpeg,Neutrophil,Neutrophil,0.9662,1
_25_6645.jpeg,Neutrophil,Neutrophil,0.84,1
_25_7263.jpeg,Neutrophil,Eosinophil,0.6771,0
_25_8498.jpeg,Neutrophil,Neutrophil,0.9593,1
_25_8780.jpeg,Neutrophil,Eosinophil,0.7995,0
_25_8792.jpeg,Neutrophil,Neutrophil,0.9234,1
_25_8805.jpeg,Neutrophil,Neutrophil,0.8249,1
_25_9456.jpeg,Neutrophil,Neutrophil,0.9273,1
_26_2519.jpeg,Neutrophil,Neutrophil,0.7776,1
_26_2920.jpeg,Neutrophil,Neutrophil,0.9428,1
_26_3218.jpeg,Neutrophil,Neutrophil,0.9753,1
_26_3577.jpeg,Neutrophil,Neutrophil,0.9662,1
_26_3899.jpeg,Neutrophil,Neutrophil,0.9686,1
_26_4821.jpeg,Neutrophil,Neutrophil,0.7598,1
_26_5246.jpeg,Neutrophil,Neutrophil,0.9277,1
_26_5553.jpeg,Neutrophil,Neutrophil,0.9658,1
_26_5731.jpeg,Neutrophil,Neutrophil,0.8603,1
_26_5882.jpeg,Neutrophil,Neutrophil,0.9754,1
_26_6082.jpeg,Neutrophil,Neutrophil,0.9702,1
_26_9234.jpeg,Neutrophil,Eosinophil,0.8909,0
_26_953.jpeg,Neutrophil,Eosinophil,0.9196,0
_27_1021.jpeg,Neutrophil,Neutrophil,0.8954,1
_27_3335.jpeg,Neutrophil,Neutrophil,0.9747,1
_27_3721.jpeg,Neutrophil,Neutrophil,0.9383,1
_27_4445.jpeg,Neutrophil,Neutrophil,0.9652,1
_27_5089.jpeg,Neutrophil,Neutrophil,0.9629,1
_27_5250.jpeg,Neutrophil,Neutrophil,0.9769,1
_27_5282.jpeg,Neutrophil,Neutrophil,0.9706,1
_27_6065.jpeg,Neutrophil,Neutrophil,0.5933,1
_27_6082.jpeg,Neutrophil,Neutrophil,0.797,1
_27_6316.jpeg,Neutrophil,Neutrophil,0.9576,1
_27_7136.jpeg,Neutrophil,Neutrophil,0.9686,1
_27_9447.jpeg,Neutrophil,Neutrophil,0.9402,1
_27_98.jpeg,Neutrophil,Neutrophil,0.9674,1
_28_1746.jpeg,Neutrophil,Neutrophil,0.6192,1
_28_2085.jpeg,Neutrophil,Neutrophil,0.9659,1
_28_4019.jpeg,Neutrophil,Neutrophil,0.9671,1
_28_6647.jpeg,Neutrophil,Neutrophil,0.962,1
_28_6937.jpeg,Neutrophil,Neutrophil,0.9532,1
_28_6942.jpeg,Neutrophil,Neutrophil,0.9381,1
_28_7983.jpeg,Neutrophil,Neutrophil,0.7168,1
_28_8220.jpeg,Neutrophil,Neutrophil,0.9665,1
_28_8307.jpeg,Neutrophil,Neutrophil,0.9669,1
_28_8896.jpeg,Neutrophil,Neutrophil,0.8762,1
_28_9357.jpeg,Neutrophil,Neutrophil,0.9317,1
_28_9400.jpeg,Neutrophil,Neutrophil,0.9624,1
_28_9699.jpeg,Neutrophil,Neutrophil,0.9377,1
_29_1043.jpeg,Neutrophil,Neutrophil,0.9634,1
_29_2574.jpeg,Neutrophil,Neutrophil,0.905,1
_29_3727.jpeg,Neutrophil,Neutrophil,0.971,1
_29_3749.jpeg,Neutrophil,Neutrophil,0.9643,1
_29_4139.jpeg,Neutrophil,Eosinophil,0.559,0
_29_4704.jpeg,Neutrophil,Neutrophil,0.8299,1
_29_4771.jpeg,Neutrophil,Neutrophil,0.9725,1
_29_5366.jpeg,Neutrophil,Neutrophil,0.8206,1
_29_7285.jpeg,Neutrophil,Eosinophil,0.6728,0
_29_7672.jpeg,Neutrophil,Eosinophil,0.6026,0
_29_8380.jpeg,Neutrophil,Neutrophil,0.9461,1
_29_8588.jpeg,Neutrophil,Neutrophil,0.9457,1
_29_8866.jpeg,Neutrophil,Neutrophil,0.95,1
_2_1102.jpeg,Neutrophil,Neutrophil,0.973,1
_2_1222.jpeg,Neutrophil,Neutrophil,0.9568,1
_2_1270.jpeg,Neutrophil,Neutrophil,0.9701,1
_2_1934.jpeg,Neutrophil,Neutrophil,0.9645,1
_2_2168.jpeg,Neutrophil,Neutrophil,0.9715,1
_2_24.jpeg,Neutrophil,Neutrophil,0.6643,1
_2_3350.jpeg,Neutrophil,Neutrophil,0.9088,1
_2_4874.jpeg,Neutrophil,Neutrophil,0.8105,1
_2_4882.jpeg,Neutrophil,Neutrophil,0.9589,1
_2_4990.jpeg,Neutrophil,Neutrophil,0.9743,1
_2_5579.jpeg,Neutrophil,Neutrophil,0.9237,1
_2_5637.jpeg,Neutrophil,Neutrophil,0.9683,1
_2_7300.jpeg,Neutrophil,Neutrophil,0.9679,1
_30_1146.jpeg,Neutrophil,Neutrophil,0.9506,1
_30_1519.jpeg,Neutrophil,Neutrophil,0.9311,1
_30_3662.jpeg,Neutrophil,Neutrophil,0.9571,1
_30_3942.jpeg,Neutrophil,Neutrophil,0.9382,1
_30_4474.jpeg,Neutrophil,Neutrophil,0.8858,1
_30_4869.jpeg,Neutrophil,Neutrophil,0.8071,1
_30_5177.jpeg,Neutrophil,Neutrophil,0.7139,1
_30_5726.jpeg,Neutrophil,Neutrophil,0.9207,1
_30_7134.jpeg,Neutrophil,Neutrophil,0.7544,1
_30_8204.jpeg,Neutrophil,Neutrophil,0.9319,1
_30_9221.jpeg,Neutrophil,Neutrophil,0.8132,1
_30_9323.jpeg,Neutrophil,Neutrophil,0.9637,1
_30_9751.jpeg,Neutrophil,Neutrophil,0.9732,1
_31_2312.jpeg,Neutrophil,Neutrophil,0.9583,1
_31_2360.jpeg,Neutrophil,Neutrophil,0.9703,1
_31_3636.jpeg,Neutrophil,Neutrophil,0.9769,1
_31_3657.jpeg,Neutrophil,Neutrophil,0.813,1
_31_5298.jpeg,Neutrophil,Neutrophil,0.9669,1
_31_6369.jpeg,Neutrophil,Neutrophil,0.9685,1
_31_73.jpeg,Neutrophil,Neutrophil,0.9173,1
_31_7652.jpeg,Neutrophil,Neutrophil,0.9697,1
_31_773.jpeg,Neutrophil,Neutrophil,0.9803,1
_31_7870.jpeg,Neutrophil,Neutrophil,0.9271,1
_31_9546.jpeg,Neutrophil,Neutrophil,0.9728,1
_31_98.jpeg,Neutrophil,Neutrophil,0.6965,1
_31_9818.jpeg,Neutrophil,Neutrophil,0.9617,1
_32_1324.jpeg,Neutrophil,Neutrophil,0.9367,1
_32_1524.jpeg,Neutrophil,Neutrophil,0.9628,1
_32_2422.jpeg,Neutrophil,Neutrophil,0.9687,1
_32_2919.jpeg,Neutrophil,Neutrophil,0.9694,1
_32_3375.jpeg,Neutrophil,Neutrophil,0.9676,1
_32_4374.jpeg,Neutrophil,Neutrophil,0.9571,1
_32_5745.jpeg,Neutrophil,Eosinophil,0.9232,0
_32_6577.jpeg,Neutrophil,Neutrophil,0.5369,1
_32_7931.jpeg,Neutrophil,Neutrophil,0.9435,1
_32_8002.jpeg,Neutrophil,Eosinophil,0.7886,0
_32_8804.jpeg,Neutrophil,Neutrophil,0.9685,1
_32_9505.jpeg,Neutrophil,Neutrophil,0.9679,1
_32_956.jpeg,Neutrophil,Neutrophil,0.9744,1
_33_2296.jpeg,Neutrophil,Neutrophil,0.9692,1
_33_274.jpeg,Neutrophil,Neutrophil,0.6786,1
_33_3754.jpeg,Neutrophil,Neutrophil,0.965,1
_33_4862.jpeg,Neutrophil,Neutrophil,0.9722,1
_33_4972.jpeg,Neutrophil,Neutrophil,0.9495,1
_33_5111.jpeg,Neutrophil,Neutrophil,0.7477,1
_33_534.jpeg,Neutrophil,Neutrophil,0.9372,1
_33_5784.jpeg,Neutrophil,Neutrophil,0.9065,1
_33_6906.jpeg,Neutrophil,Neutrophil,0.9649,1
_33_8695.jpeg,Neutrophil,Neutrophil,0.9351,1
_33_8978.jpeg,Neutrophil,Neutrophil,0.9641,1
_33_9198.jpeg,Neutrophil,Neutrophil,0.9644,1
_33_9910.jpeg,Neutrophil,Neutrophil,0.972,1
_34_1497.jpeg,Neutrophil,Neutrophil,0.9536,1
_34_1526.jpeg,Neutrophil,Neutrophil,0.9547,1
_34_223.jpeg,Neutrophil,Neutrophil,0.9555,1
_34_3019.jpeg,Neutrophil,Neutrophil,0.9753,1
_34_3326.jpeg,Neutrophil,Neutrophil,0.9701,1
_34_3363.jpeg,Neutrophil,Neutrophil,0.8937,1
_34_4792.jpeg,Neutrophil,Eosinophil,0.7477,0
_34_5161.jpeg,Neutrophil,Neutrophil,0.9743,1
_34_5289.jpeg,Neutrophil,Neutrophil,0.9612,1
_34_576.jpeg,Neutrophil,Neutrophil,0.9652,1
_34_5851.jpeg,Neutrophil,Neutrophil,0.9695,1
_34_5893.jpeg,Neutrophil,Eosinophil,0.5483,0
_34_6214.jpeg,Neutrophil,Neutrophil,0.9717,1
_35_2142.jpeg,Neutrophil,Neutrophil,0.8959,1
_35_2187.jpeg,Neutrophil,Neutrophil,0.964,1
_35_224.jpeg,Neutrophil,Neutrophil,0.977,1
_35_2688.jpeg,Neutrophil,Neutrophil,0.9661,1
_35_2923.jpeg,Neutrophil,Neutrophil,0.9373,1
_35_35.jpeg,Neutrophil,Neutrophil,0.8518,1
_35_4283.jpeg,Neutrophil,Neutrophil,0.9598,1
_35_6137.jpeg,Neutrophil,Neutrophil,0.9732,1
_35_7625.jpeg,Neutrophil,Neutrophil,0.9638,1
_35_7782.jpeg,Neutrophil,Neutrophil,0.9624,1
_35_8751.jpeg,Neutrophil,Neutrophil,0.9047,1
_35_9410.jpeg,Neutrophil,Neutrophil,0.9613,1
_35_9734.jpeg,Neutrophil,Neutrophil,0.6627,1
_36_1236.jpeg,Neutrophil,Neutrophil,0.9648,1
_36_2783.jpeg,Neutrophil,Neutrophil,0.8777,1
_36_4991.jpeg,Neutrophil,Neutrophil,0.8397,1
_36_5176.jpeg,Neutrophil,Neutrophil,0.7077,1
_36_5277.jpeg,Neutrophil,Neutrophil,0.869,1
_36_555.jpeg,Neutrophil,Neutrophil,0.6665,1
_36_6046.jpeg,Neutrophil,Neutrophil,0.6853,1
_36_7240.jpeg,Neutrophil,Neutrophil,0.9699,1
_36_8246.jpeg,Neutrophil,Eosinophil,0.8925,0
_36_8497.jpeg,Neutrophil,Neutrophil,0.962,1
_36_9768.jpeg,Neutrophil,Eosinophil,0.759,0
_36_9879.jpeg,Neutrophil,Neutrophil,0.9708,1
_36_9934.jpeg,Neutrophil,Neutrophil,0.973,1
_37_1308.jpeg,Neutrophil,Neutrophil,0.9742,1
_37_1394.jpeg,Neutrophil,Neutrophil,0.9524,1
_37_1581.jpeg,Neutrophil,Neutrophil,0.9021,1
_37_2862.jpeg,Neutrophil,Neutrophil,0.9619,1
_37_5074.jpeg,Neutrophil,Neutrophil,0.9737,1
_37_5605.jpeg,Neutrophil,Neutrophil,0.8704,1
_37_6117.jpeg,Neutrophil,Eosinophil,0.7422,0
_37_6904.jpeg,Neutrophil,Eosinophil,0.7178,0
_37_7318.jpeg,Neutrophil,Eosinophil,0.683,0
_37_7894.jpeg,Neutrophil,Neutrophil,0.9694,1
_37_9362.jpeg,Neutrophil,Neutrophil,0.9743,1
_37_9835.jpeg,Neutrophil,Neutrophil,0.9702,1
_37_9944.jpeg,Neutrophil,Neutrophil,0.9667,1
_38_2591.jpeg,Neutrophil,Neutrophil,0.8614,1
_38_2616.jpeg,Neutrophil,Eosinophil,0.5966,0
_38_352.jpeg,Neutrophil,Neutrophil,0.9794,1
_38_3881.jpeg,Neutrophil,Neutrophil,0.9685,1
_38_3922.jpeg,Neutrophil,Neutrophil,0.9725,1
_38_4581.jpeg,Neutrophil,Neutrophil,0.9671,1
_38_4920.jpeg,Neutrophil,Neutrophil,0.844,1
_38_6125.jpeg,Neutrophil,Neutrophil,0.8796,1
_38_6898.jpeg,Neutrophil,Neutrophil,0.8178,1
_38_7538.jpeg,Neutrophil,Neutrophil,0.9757,1
_38_7629.jpeg,Neutrophil,Neutrophil,0.8394,1
_38_908.jpeg,Neutrophil,Neutrophil,0.9681,1
_38_9771.jpeg,Neutrophil,Neutrophil,0.9685,1
_39_1221.jpeg,Neutrophil,Neutrophil,0.9581,1
_39_1315.jpeg,Neutrophil,Neutrophil,0.9516,1
_39_2383.jpeg,Neutrophil,Neutrophil,0.9656,1
_39_2769.jpeg,Neutrophil,Neutrophil,0.8485,1
_39_3200.jpeg,Neutrophil,Neutrophil,0.9707,1
_39_3337.jpeg,Neutrophil,Neutrophil,0.9679,1
_39_3541.jpeg,Neutrophil,Neutrophil,0.9416,1
_39_3746.jpeg,Neutrophil,Neutrophil,0.962,1
_39_4255.jpeg,Neutrophil,Neutrophil,0.9461,1
_39_6506.jpeg,Neutrophil,Neutrophil,0.9609,1
_39_7198.jpeg,Neutrophil,Neutrophil,0.9742,1
_39_9461.jpeg,Neutrophil,Neutrophil,0.9542,1
_39_9607.jpeg,Neutrophil,Neutrophil,0.8329,1
_3_1778.jpeg,Neutrophil,Eosinophil,0.6263,0
_3_2201.jpeg,Neutrophil,Neutrophil,0.9844,1
_3_2444.jpeg,Neutrophil,Neutrophil,0.9785,1
_3_3601.jpeg,Neutrophil,Neutrophil,0.9626,1
_3_4551.jpeg,Neutrophil,Neutrophil,0.9484,1
_3_4720.jpeg,Neutrophil,Neutrophil,0.9753,1
_3_473.jpeg,Neutrophil,Neutrophil,0.9727,1
_3_4756.jpeg,Neutrophil,Neutrophil,0.8856,1
_3_5077.jpeg,Neutrophil,Neutrophil,0.98,1
_3_5693.jpeg,Neutrophil,Neutrophil,0.97,1
_3_7101.jpeg,Neutrophil,Neutrophil,0.9439,1
_3_8716.jpeg,Neutrophil,Neutrophil,0.7557,1
_3_9251.jpeg,Neutrophil,Neutrophil,0.9679,1
_40_1116.jpeg,Neutrophil,Neutrophil,0.9614,1
_40_1921.jpeg,Neutrophil,Neutrophil,0.7986,1
_40_2403.jpeg,Neutrophil,Neutrophil,0.9525,1
_40_2511.jpeg,Neutrophil,Neutrophil,0.972,1
_40_2816.jpeg,Neutrophil,Neutrophil,0.963,1
_40_5198.jpeg,Neutrophil,Neutrophil,0.9728,1
_40_5968.jpeg,Neutrophil,Neutrophil,0.9515,1
_40_7007.jpeg,Neutrophil,Neutrophil,0.8337,1
_40_7689.jpeg,Neutrophil,Neutrophil,0.7289,1
_40_9127.jpeg,Neutrophil,Neutrophil,0.9737,1
_40_9160.jpeg,Neutrophil,Neutrophil,0.9641,1
_40_9322.jpeg,Neutrophil,Neutrophil,0.9478,1
_40_9497.jpeg,Neutrophil,Neutrophil,0.7189,1
_41_1183.jpeg,Neutrophil,Neutrophil,0.9711,1
_41_1458.jpeg,Neutrophil,Neutrophil,0.9687,1
_41_1530.jpeg,Neutrophil,Neutrophil,0.9321,1
_41_2925.jpeg,Neutrophil,Neutrophil,0.9724,1
_41_3037.jpeg,Neutrophil,Neutrophil,0.9067,1
_41_5379.jpeg,Neutrophil,Neutrophil,0.9505,1
_41_5447.jpeg,Neutrophil,Neutrophil,0.9698,1
_41_6455.jpeg,Neutrophil,Eosinophil,0.6248,0
_41_692.jpeg,Neutrophil,Neutrophil,0.9508,1
_41_8131.jpeg,Neutrophil,Neutrophil,0.8433,1
_41_8232.jpeg,Neutrophil,Neutrophil,0.9613,1
_41_8500.jpeg,Neutrophil,Neutrophil,0.9504,1
_41_9994.jpeg,Neutrophil,Neutrophil,0.8355,1
_42_1384.jpeg,Neutrophil,Neutrophil,0.9327,1
_42_1589.jpeg,Neutrophil,Neutrophil,0.9648,1
_42_1758.jpeg,Neutrophil,Neutrophil,0.9095,1
_42_287.jpeg,Neutrophil,Neutrophil,0.9221,1
_42_3135.jpeg,Neutrophil,Neutrophil,0.9636,1
_42_3210.jpeg,Neutrophil,Neutrophil,0.9369,1
_42_3271.jpeg,Neutrophil,Neutrophil,0.9744,1
_42_4657.jpeg,Neutrophil,Neutrophil,0.9564,1
_42_7787.jpeg,Neutrophil,Neutrophil,0.9678,1
_42_779.jpeg,Neutrophil,Neutrophil,0.9737,1
_42_8776.jpeg,Neutrophil,Neutrophil,0.9756,1
_42_8959.jpeg,Neutrophil,Neutrophil,0.9474,1
_42_9683.jpeg,Neutrophil,Neutrophil,0.9727,1
_43_1151.jpeg,Neutrophil,Neutrophil,0.9701,1
_43_2872.jpeg,Neutrophil,Neutrophil,0.9679,1
_43_2971.jpeg,Neutrophil,Neutrophil,0.9416,1
_43_3930.jpeg,Neutrophil,Neutrophil,0.9711,1
_43_4238.jpeg,Neutrophil,Neutrophil,0.9698,1
_43_5093.jpeg,Neutrophil,Neutrophil,0.9596,1
_43_5349.jpeg,Neutrophil,Neutrophil,0.9577,1
_43_5615.jpeg,Neutrophil,Neutrophil,0.9622,1
_43_7015.jpeg,Neutrophil,Neutrophil,0.9064,1
_43_7387.jpeg,Neutrophil,Neutrophil,0.9736,1
_43_8093.jpeg,Neutrophil,Neutrophil,0.9549,1
_43_9276.jpeg,Neutrophil,Neutrophil,0.9718,1
_44_1057.jpeg,Neutrophil,Neutrophil,0.5162,1
_44_1117.jpeg,Neutrophil,Neutrophil,0.9217,1
_44_197.jpeg,Neutrophil,Neutrophil,0.962,1
_44_391.jpeg,Neutrophil,Eosinophil,0.791,0
_44_4777.jpeg,Neutrophil,Neutrophil,0.9713,1
_44_4938.jpeg,Neutrophil,Neutrophil,0.9648,1
_44_5827.jpeg,Neutrophil,Neutrophil,0.8888,1
_44_7838.jpeg,Neutrophil,Neutrophil,0.9702,1
_44_8334.jpeg,Neutrophil,Eosinophil,0.6404,0
_44_8726.jpeg,Neutrophil,Neutrophil,0.6838,1
_44_8863.jpeg,Neutrophil,Neutrophil,0.9646,1
_44_9482.jpeg,Neutrophil,Neutrophil,0.9648,1
_44_9907.jpeg,Neutrophil,Neutrophil,0.7206,1
_45_2291.jpeg,Neutrophil,Neutrophil,0.9681,1
_45_2804.jpeg,Neutrophil,Neutrophil,0.955,1
_45_3074.jpeg,Neutrophil,Neutrophil,0.8786,1
_45_4113.jpeg,Neutrophil,Neutrophil,0.8163,1
_45_4365.jpeg,Neutrophil,Neutrophil,0.9745,1
_45_5005.jpeg,Neutrophil,Neutrophil,0.7622,1
_45_5231.jpeg,Neutrophil,Neutrophil,0.9659,1
_45_6826.jpeg,Neutrophil,Neutrophil,0.9288,1
_45_8275.jpeg,Neutrophil,Neutrophil,0.9715,1
_45_8293.jpeg,Neutrophil,Neutrophil,0.9731,1
_45_8772.jpeg,Neutrophil,Neutrophil,0.9559,1
_45_8831.jpeg,Neutrophil,Eosinophil,0.8593,0
_45_9698.jpeg,Neutrophil,Neutrophil,0.9755,1
_46_110.jpeg,Neutrophil,Neutrophil,0.9558,1
_46_1148.jpeg,Neutrophil,Neutrophil,0.9698,1
_46_1902.jpeg,Neutrophil,Neutrophil,0.9482,1
_46_203.jpeg,Neutrophil,Neutrophil,0.9153,1
_46_2202.jpeg,Neutrophil,Neutrophil,0.9277,1
_46_32.jpeg,Neutrophil,Neutrophil,0.9681,1
_46_4182.jpeg,Neutrophil,Neutrophil,0.9339,1
_46_4400.jpeg,Neutrophil,Neutrophil,0.4934,1
_46_5419.jpeg,Neutrophil,Neutrophil,0.944,1
_46_5552.jpeg,Neutrophil,Neutrophil,0.574,1
_46_6437.jpeg,Neutrophil,Eosinophil,0.7402,0
_46_6780.jpeg,Neutrophil,Neutrophil,0.9295,1
_46_8259.jpeg,Neutrophil,Eosinophil,0.5447,0
_47_240.jpeg,Neutrophil,Neutrophil,0.9487,1
_47_2648.jpeg,Neutrophil,Neutrophil,0.967,1
_47_2700.jpeg,Neutrophil,Neutrophil,0.9739,1
_47_4794.jpeg,Neutrophil,Neutrophil,0.95,1
_47_4975.jpeg,Neutrophil,Neutrophil,0.9653,1
_47_5343.jpeg,Neutrophil,Neutrophil,0.9676,1
_47_6257.jpeg,Neutrophil,Neutrophil,0.9683,1
_47_7500.jpeg,Neutrophil,Neutrophil,0.9727,1
_47_7501.jpeg,Neutrophil,Neutrophil,0.9674,1
_47_793.jpeg,Neutrophil,Neutrophil,0.9644,1
_47_7947.jpeg,Neutrophil,Neutrophil,0.9678,1
_47_8688.jpeg,Neutrophil,Neutrophil,0.9673,1
_47_8902.jpeg,Neutrophil,Neutrophil,0.9809,1
_4_1720.jpeg,Neutrophil,Neutrophil,0.9713,1
_4_294.jpeg,Neutrophil,Neutrophil,0.9676,1
_4_3015.jpeg,Neutrophil,Neutrophil,0.8892,1
_4_3370.jpeg,Neutrophil,Neutrophil,0.9638,1
_4_3597.jpeg,Neutrophil,Neutrophil,0.8164,1
_4_3721.jpeg,Neutrophil,Neutrophil,0.9673,1
_4_3813.jpeg,Neutrophil,Neutrophil,0.9673,1
_4_6476.jpeg,Neutrophil,Neutrophil,0.9481,1
_4_7938.jpeg,Neutrophil,Neutrophil,0.8926,1
_4_7954.jpeg,Neutrophil,Neutrophil,0.9637,1
_4_8019.jpeg,Neutrophil,Neutrophil,0.9635,1
_4_8655.jpeg,Neutrophil,Neutrophil,0.9287,1
_4_9483.jpeg,Neutrophil,Neutrophil,0.9682,1
_5_1034.jpeg,Neutrophil,Eosinophil,0.5697,0
_5_231.jpeg,Neutrophil,Neutrophil,0.9608,1
_5_2470.jpeg,Neutrophil,Eosinophil,0.8165,0
_5_2681.jpeg,Neutrophil,Eosinophil,0.6782,0
_5_3167.jpeg,Neutrophil,Neutrophil,0.9631,1
_5_3253.jpeg,Neutrophil,Neutrophil,0.8202,1
_5_3600.jpeg,Neutrophil,Neutrophil,0.8495,1
_5_4036.jpeg,Neutrophil,Neutrophil,0.9733,1
_5_4406.jpeg,Neutrophil,Neutrophil,0.9453,1
_5_7636.jpeg,Neutrophil,Neutrophil,0.9644,1
_5_8607.jpeg,Neutrophil,Neutrophil,0.9633,1
_5_8802.jpeg,Neutrophil,Neutrophil,0.965,1
_5_8928.jpeg,Neutrophil,Neutrophil,0.9728,1
_6_1893.jpeg,Neutrophil,Neutrophil,0.9529,1
_6_2507.jpeg,Neutrophil,Neutrophil,0.6889,1
_6_3100.jpeg,Neutrophil,Neutrophil,0.783,1
_6_4478.jpeg,Neutrophil,Neutrophil,0.8439,1
_6_4552.jpeg,Neutrophil,Neutrophil,0.7972,1
_6_6218.jpeg,Neutrophil,Neutrophil,0.9609,1
_6_6591.jpeg,Neutrophil,Neutrophil,0.9395,1
_6_6731.jpeg,Neutrophil,Neutrophil,0.9443,1
_6_7001.jpeg,Neutrophil,Neutrophil,0.8582,1
_6_7063.jpeg,Neutrophil,Neutrophil,0.9459,1
_6_7794.jpeg,Neutrophil,Neutrophil,0.9733,1
_6_9248.jpeg,Neutrophil,Neutrophil,0.9744,1
_6_9548.jpeg,Neutrophil,Neutrophil,0.9557,1
_7_1210.jpeg,Neutrophil,Neutrophil,0.8444,1
_7_2063.jpeg,Neutrophil,Neutrophil,0.9352,1
_7_228.jpeg,Neutrophil,Neutrophil,0.9565,1
_7_3002.jpeg,Neutrophil,Neutrophil,0.9601,1
_7_4187.jpeg,Neutrophil,Neutrophil,0.9727,1
_7_4334.jpeg,Neutrophil,Neutrophil,0.9604,1
_7_5760.jpeg,Neutrophil,Eosinophil,0.8893,0
_7_679.jpeg,Neutrophil,Neutrophil,0.9741,1
_7_6860.jpeg,Neutrophil,Neutrophil,0.9803,1
_7_7719.jpeg,Neutrophil,Neutrophil,0.9568,1
_7_7966.jpeg,Neutrophil,Neutrophil,0.9763,1
_7_8662.jpeg,Neutrophil,Neutrophil,0.9644,1
_7_9265.jpeg,Neutrophil,Neutrophil,0.9776,1
_8_1197.jpeg,Neutrophil,Neutrophil,0.9657,1
_8_2208.jpeg,Neutrophil,Neutrophil,0.9716,1
_8_2394.jpeg,Neutrophil,Neutrophil,0.962,1
_8_311.jpeg,Neutrophil,Neutrophil,0.9644,1
_8_4160.jpeg,Neutrophil,Neutrophil,0.9674,1
_8_5061.jpeg,Neutrophil,Eosinophil,0.7701,0
_8_5558.jpeg,Neutrophil,Neutrophil,0.9695,1
_8_5997.jpeg,Neutrophil,Neutrophil,0.884,1
_8_6314.jpeg,Neutrophil,Neutrophil,0.8811,1
_8_9281.jpeg,Neutrophil,Neutrophil,0.9659,1
_8_9488.jpeg,Neutrophil,Neutrophil,0.9732,1
_8_9964.jpeg,Neutrophil,Neutrophil,0.9526,1
_8_9966.jpeg,Neutrophil,Eosinophil,0.6237,0
_9_1918.jpeg,Neutrophil,Neutrophil,0.9632,1
_9_2182.jpeg,Neutrophil,Eosinophil,0.5777,0
_9_3126.jpeg,Neutrophil,Neutrophil,0.8836,1
_9_3415.jpeg,Neutrophil,Neutrophil,0.9631,1
_9_4168.jpeg,Neutrophil,Neutrophil,0.964,1
_9_4192.jpeg,Neutrophil,Neutrophil,0.9788,1
_9_5471.jpeg,Neutrophil,Eosinophil,0.9093,0
_9_5549.jpeg,Neutrophil,Neutrophil,0.8173,1
_9_5880.jpeg,Neutrophil,Neutrophil,0.9399,1
_9_6750.jpeg,Neutrophil,Neutrophil,0.8384,1
_9_6796.jpeg,Neutrophil,Neutrophil,0.9235,1
_9_9821.jpeg,Neutrophil,Neutrophil,0.9719,1
_9_9946.jpeg,Neutrophil,Neutrophil,0.9732,1
